#DataThief 8020.png Friday 22-Jan-2016 4:49:40 PM
-1.18664 0.71357
-1.18669 0.72515
-1.18673 0.73673
-1.18678 0.74831
-1.18682 0.7599
-1.18686 0.77148
-1.17541 0.78311
-1.17546 0.79469
-1.16401 0.80632
-1.15256 0.81794
-1.14111 0.82957
-1.12962 0.82962
-1.11812 0.82966
-1.10663 0.82969
-1.09513 0.82975
-1.08364 0.82979
-1.07214 0.82984
-1.06061 0.8183
-1.04911 0.81834
-1.03757 0.8068
-1.02604 0.79527
-1.01454 0.79531
-1.003 0.78377
-0.99146 0.77223
-0.97993 0.7607
-0.96838 0.74916
-0.95685 0.73762
-0.94531 0.72608
-0.93377 0.71454
-0.92222 0.70299
-0.91069 0.69146
-0.89916 0.67993
-0.88762 0.66839
-0.87608 0.65685
-0.87604 0.64527
-0.86453 0.64531
-0.8645 0.63373
-0.853 0.63377
-0.85296 0.62219
-0.84141 0.61065
-0.82988 0.59911
-0.81834 0.58757
-0.8068 0.57603
-0.79527 0.5645
-0.78373 0.55296
-0.77219 0.54142
-0.76065 0.52988
-0.74911 0.51834
-0.73756 0.5068
-0.72604 0.49527
-0.71454 0.49531
-0.7145 0.48373
-0.70299 0.48377
-0.70296 0.47218
-0.69146 0.47223
-0.67993 0.4607
-0.66839 0.44916
-0.65685 0.43762
-0.64531 0.42608
-0.63377 0.41454
-0.62223 0.403
-0.62219 0.39142
-0.61065 0.37988
-0.6106 0.3683
-0.59907 0.35676
-0.58753 0.34522
-0.57599 0.33368
-0.57595 0.3221
-0.56441 0.31056
-0.56436 0.29898
-0.55283 0.28744
-0.55278 0.27586
-0.55274 0.26428
-0.5412 0.25274
-0.54115 0.24115
-0.54111 0.22957
-0.54107 0.21799
-0.54102 0.20641
-0.54098 0.19482
-0.54093 0.18324
-0.54089 0.17166
-0.54084 0.16007
-0.5408 0.14849
-0.54075 0.13691
-0.54071 0.12533
-0.54067 0.11374
-0.54062 0.10216
-0.54057 0.09058
-0.54053 0.07899
-0.54049 0.06741
-0.54044 0.05583
-0.5404 0.04425
-0.54036 0.03266
-0.5403 0.02108
-0.54027 9.49704e-3
-0.54022 -2.0858e-3
-0.54017 -0.01367
-0.54013 -0.02525
-0.54009 -0.03683
-0.54003 -0.04842
-0.54 -0.06
-0.53996 -0.07158
-0.53991 -0.08317
-0.53987 -0.09475
-0.53982 -0.10633
-0.53978 -0.11791
-0.53973 -0.1295
-0.53969 -0.14108
-0.53964 -0.15266
-0.5396 -0.16425
-0.53956 -0.17583
-0.53951 -0.18741
-0.53947 -0.19899
-0.53942 -0.21058
-0.53938 -0.22216
-0.53933 -0.23374
-0.53929 -0.24533
-0.53925 -0.25691
-0.5392 -0.26849
-0.53915 -0.28007
-0.53911 -0.29166
-0.55056 -0.30328
-0.55052 -0.31487
-0.55047 -0.32645
-0.56192 -0.33808
-0.57337 -0.3497
-0.58482 -0.36133
-0.58477 -0.37291
-0.59623 -0.38453
-0.60772 -0.38459
-0.61917 -0.39621
-0.61913 -0.4078
-0.63058 -0.41942
-0.64203 -0.43105
-0.65348 -0.44268
-0.66493 -0.4543
-0.67638 -0.46593
-0.68783 -0.47756
-0.69928 -0.48919
-0.71077 -0.48923
-0.71072 -0.50081
-0.72217 -0.51244
-0.73362 -0.52407
-0.74512 -0.5241
-0.75657 -0.53574
-0.75652 -0.54732
-0.76797 -0.55894
-0.77946 -0.55899
-0.79091 -0.57062
-0.80237 -0.58225
-0.81382 -0.59388
-0.82527 -0.6055
-0.83672 -0.61713
-0.84817 -0.62876
-0.85962 -0.64038
-0.85957 -0.65197
-0.87107 -0.65201
-0.88251 -0.66364
-0.89395 -0.67527
-0.89392 -0.68685
-0.90537 -0.69848
-0.91686 -0.69852
-0.92831 -0.71015
-0.92827 -0.72173
-0.93971 -0.73336
-0.95116 -0.74499
-0.96262 -0.75661
-0.97407 -0.76824
-0.98552 -0.77986
-0.99697 -0.79149
-1.00842 -0.80311
-1.01991 -0.80317
-1.03141 -0.80321
-1.04286 -0.81484
-1.0543 -0.82646
-1.0658 -0.8265
-1.07729 -0.82655
-1.08879 -0.8266
-1.10028 -0.82664
-1.11178 -0.82669
-1.12327 -0.82673
-1.13476 -0.82677
-1.14626 -0.82682
-1.1578 -0.81528
-1.16933 -0.80374
-1.18087 -0.7922
-1.18092 -0.78061
-1.18096 -0.76904
-1.18101 -0.75746
-1.18105 -0.74587
-1.18109 -0.73429
-1.18114 -0.72271
-1.18118 -0.71112
-1.18123 -0.69954
-1.18127 -0.68796
-1.18132 -0.67638
-1.18136 -0.66479
-1.18141 -0.65321
-1.18145 -0.64163
-1.18149 -0.63004
-1.18154 -0.61846
-1.18158 -0.60687
-1.18163 -0.5953
-1.18167 -0.58371
-1.18171 -0.57213
-1.18176 -0.56055
-1.1818 -0.54896
-1.18185 -0.53738
-1.18189 -0.5258
-1.18194 -0.51422
-1.18198 -0.50263
-1.18203 -0.49105
-1.18207 -0.47947
-1.18212 -0.46788
-1.18216 -0.4563
-1.1822 -0.44472
-1.18225 -0.43314
-1.18229 -0.42154
-1.18234 -0.40997
-1.18238 -0.39839
-1.18243 -0.3868
-1.19396 -0.37527
-1.19401 -0.36368
-1.2055 -0.36372
-1.21704 -0.35219
-1.22858 -0.34065
-1.24012 -0.32911
-1.25161 -0.32916
-1.26311 -0.3292
-1.27464 -0.31766
-1.28614 -0.31771
-1.29763 -0.31775
-1.30913 -0.3178
-1.32062 -0.31784
-1.33212 -0.31788
-1.34361 -0.31793
-1.3551 -0.31796
-1.3666 -0.31802
-1.37809 -0.31806
-1.38959 -0.31811
-1.40107 -0.31815
-1.41253 -0.32978
-1.42402 -0.32982
-1.43547 -0.34145
-1.44696 -0.34149
-1.45842 -0.35312
-1.46987 -0.36475
-1.48132 -0.37638
-1.48126 -0.38796
-1.49272 -0.39959
-1.49268 -0.41117
-1.49263 -0.42275
-1.50408 -0.43438
-1.49254 -0.44592
-1.48101 -0.45746
-1.46947 -0.46899
-1.45793 -0.48053
-1.45788 -0.49212
-1.44635 -0.50365
-1.4463 -0.51524
-1.44626 -0.52681
-1.44621 -0.5384
-1.44617 -0.54999
-1.44612 -0.56157
-1.45757 -0.5732
-1.46902 -0.58482
-1.48047 -0.59645
-1.49192 -0.60808
-1.49188 -0.61966
-1.49183 -0.63124
-1.49179 -0.64283
-1.49175 -0.65441
-1.4917 -0.66598
-1.49166 -0.67757
-1.49161 -0.68916
-1.49157 -0.70074
-1.49152 -0.71232
-1.49148 -0.72391
-1.49143 -0.73549
-1.49139 -0.74707
-1.49135 -0.75865
-1.4913 -0.77024
-1.49126 -0.78182
-1.49121 -0.7934
-1.49116 -0.80499
-1.49112 -0.81657
-1.49108 -0.82815
-1.49104 -0.83972
-1.49099 -0.85131
-1.49095 -0.8629
-1.4909 -0.87448
-1.49086 -0.88607
-1.49081 -0.89765
-1.49077 -0.90923
-1.49072 -0.92081
-1.49068 -0.9324
-1.49064 -0.94398
-1.49059 -0.95556
-1.49055 -0.96714
-1.4905 -0.97873
-1.49046 -0.99031
-1.49041 -1.00189
-1.49037 -1.01348
-1.49033 -1.02506
-1.49028 -1.03664
-1.49024 -1.04822
-1.49019 -1.05981
-1.49014 -1.07139
-1.4901 -1.08297
-1.49006 -1.09456
-1.49001 -1.10614
-1.48997 -1.11772
-1.48993 -1.1293
-1.48987 -1.14089
-1.47834 -1.15243
-1.4668 -1.16395
-1.45527 -1.1755
-1.45522 -1.18709
-1.44368 -1.19862
-1.44364 -1.21021
-1.44359 -1.22179
-1.44355 -1.23337
-1.44351 -1.24496
-1.44346 -1.25654
-1.45491 -1.26817
-1.46635 -1.27979
-1.47786 -1.27984
-1.4893 -1.29146
-1.48926 -1.30305
-1.48922 -1.31463
-1.48917 -1.32621
-1.48913 -1.3378
-1.48908 -1.34938
-1.48904 -1.36096
-1.4775 -1.3725
-1.47746 -1.38408
-1.46592 -1.39562
-1.46587 -1.4072
-1.45433 -1.41874
-1.4428 -1.43028
-1.43126 -1.44181
-1.41971 -1.45336
-1.40818 -1.4649
-1.39664 -1.47643
-1.3851 -1.48797
-1.37361 -1.48793
-1.36207 -1.49947
-1.35058 -1.49942
-1.33904 -1.51095
-1.32754 -1.51092
-1.31605 -1.51087
-1.30456 -1.51083
-1.29306 -1.51078
-1.28156 -1.51074
-1.27007 -1.5107
-1.25858 -1.51065
-1.24713 -1.49902
-1.23568 -1.4874
-1.22423 -1.47577
-1.21274 -1.47572
-1.20129 -1.4641
-1.18979 -1.46405
-1.1783 -1.46401
-1.1668 -1.46396
-1.15531 -1.46391
-1.14377 -1.47546
-1.13228 -1.47541
-1.12074 -1.48695
-1.1207 -1.49854
-1.10916 -1.51007
-1.09766 -1.51003
-1.08617 -1.50999
-1.07467 -1.50993
-1.06318 -1.5099
-1.05169 -1.50985
-1.04019 -1.5098
-1.0287 -1.50976
-1.0172 -1.50972
-1.00571 -1.50966
-0.99421 -1.50963
-0.98272 -1.50959
-0.97123 -1.50953
-0.95973 -1.5095
-0.94824 -1.50945
-0.93675 -1.50941
-0.92525 -1.50936
-0.91376 -1.50932
-0.90226 -1.50928
-0.89076 -1.50923
-0.87928 -1.50919
-0.86778 -1.50914
-0.85629 -1.5091
-0.84479 -1.50905
-0.8333 -1.50901
-0.8218 -1.50896
-0.8103 -1.50892
-0.79882 -1.50888
-0.78732 -1.50883
-0.77583 -1.50878
-0.76433 -1.50874
-0.75284 -1.5087
-0.74135 -1.50865
-0.72984 -1.50861
-0.71836 -1.50857
-0.70686 -1.50851
-0.69537 -1.50848
-0.68388 -1.50843
-0.67238 -1.50839
-0.66089 -1.50834
-0.64939 -1.5083
-0.6379 -1.50824
-0.62641 -1.50821
-0.61491 -1.50817
-0.60341 -1.50812
-0.59192 -1.50808
-0.58043 -1.50803
-0.56893 -1.50799
-0.55749 -1.49636
-0.54604 -1.48472
-0.53459 -1.47311
-0.52309 -1.47306
-0.51163 -1.46143
-0.50015 -1.46139
-0.48865 -1.46135
-0.47716 -1.4613
-0.46567 -1.46126
-0.45413 -1.47279
-0.44259 -1.48433
-0.43105 -1.49587
-0.41951 -1.50741
-0.40802 -1.50736
-0.39652 -1.50732
-0.38503 -1.50728
-0.37354 -1.50722
-0.36209 -1.49561
-0.35064 -1.48398
-0.33918 -1.47235
-0.32774 -1.46072
-0.31629 -1.4491
-0.31633 -1.43751
-0.31638 -1.42593
-0.30493 -1.4143
-0.30497 -1.40272
-0.30501 -1.39114
-0.30506 -1.37956
-0.3051 -1.36797
-0.30515 -1.35639
-0.30519 -1.34481
-0.30524 -1.33322
-0.30528 -1.32164
-0.30533 -1.31006
-0.30537 -1.29848
-0.30541 -1.28689
-0.31695 -1.27536
-0.317 -1.26377
-0.31704 -1.25219
-0.32858 -1.24065
-0.34012 -1.22911
-0.35165 -1.21757
-0.3517 -1.20599
-0.3632 -1.20604
-0.37473 -1.1945
-0.38623 -1.19454
-0.39777 -1.183
-0.40926 -1.18305
-0.42075 -1.18309
-0.43225 -1.18314
-0.44374 -1.18318
-0.45523 -1.18322
-0.46673 -1.18327
-0.47821 -1.18331
-0.48972 -1.18336
-0.50121 -1.1834
-0.51271 -1.18345
-0.5242 -1.18349
-0.53569 -1.18354
-0.54719 -1.18358
-0.55867 -1.18362
-0.57018 -1.18367
-0.58167 -1.18371
-0.59317 -1.18376
-0.60466 -1.1838
-0.61615 -1.18385
-0.62765 -1.18388
-0.63914 -1.18393
-0.65064 -1.18398
-0.66212 -1.18402
-0.67362 -1.18407
-0.68512 -1.18411
-0.69661 -1.18415
-0.70811 -1.1842
-0.7196 -1.18425
-0.73109 -1.18429
-0.74258 -1.18433
-0.75408 -1.18438
-0.76558 -1.18442
-0.77707 -1.18447
-0.78857 -1.18451
-0.8001 -1.17297
-0.81164 -1.16143
-0.82318 -1.1499
-0.82322 -1.13831
-0.82327 -1.12673
-0.82331 -1.11515
-0.82336 -1.10357
-0.8234 -1.09198
-0.82345 -1.0804
-0.812 -1.06877
-0.81204 -1.05719
-0.80059 -1.04556
-0.78914 -1.03393
-0.78919 -1.02235
-0.77774 -1.01072
-0.76629 -0.99909
-0.75484 -0.98747
-0.74339 -0.97584
-0.73194 -0.96422
-0.72048 -0.95259
-0.70904 -0.94096
-0.69759 -0.92933
-0.68614 -0.91771
-0.67469 -0.90608
-0.66324 -0.89445
-0.65179 -0.88283
-0.64029 -0.88278
-0.64034 -0.8712
-0.62885 -0.87115
-0.62889 -0.85957
-0.6174 -0.85953
-0.60595 -0.8479
-0.5945 -0.83626
-0.58305 -0.82464
-0.5716 -0.81301
-0.56015 -0.80139
-0.5487 -0.78976
-0.53725 -0.77814
-0.5258 -0.76651
-0.51434 -0.75488
-0.5029 -0.74325
-0.49145 -0.73163
-0.49149 -0.72004
-0.48 -0.72
-0.48004 -0.70842
-0.46855 -0.70837
-0.46859 -0.69679
-0.45713 -0.68516
-0.4457 -0.67354
-0.43425 -0.66191
-0.4228 -0.65028
-0.41135 -0.63865
-0.3999 -0.62703
-0.38845 -0.6154
-0.377 -0.60377
-0.3655 -0.60373
-0.35401 -0.60368
-0.34256 -0.59206
-0.33111 -0.58043
-0.31962 -0.58038
-0.30817 -0.56876
-0.29667 -0.56871
-0.28522 -0.55709
-0.27373 -0.55704
-0.26223 -0.557
-0.25078 -0.54537
-0.23929 -0.54532
-0.2278 -0.54528
-0.2163 -0.54524
-0.20481 -0.54518
-0.19331 -0.54515
-0.18182 -0.5451
-0.17033 -0.54505
-0.15883 -0.54501
-0.14734 -0.54497
-0.13584 -0.54493
-0.12435 -0.54488
-0.11286 -0.54484
-0.10136 -0.54478
-0.08987 -0.54475
-0.07837 -0.5447
-0.06688 -0.54466
-0.05538 -0.54462
-0.04389 -0.54457
-0.0324 -0.54453
-0.0209 -0.54448
-9.40828e-3 -0.54444
2.0858e-3 -0.54439
0.01358 -0.54435
0.02507 -0.5443
0.03657 -0.54426
0.04806 -0.54422
0.05956 -0.54417
0.07105 -0.54413
0.08254 -0.54408
0.09404 -0.54403
0.10553 -0.54399
0.11703 -0.54395
0.12852 -0.54391
0.14001 -0.54386
0.15151 -0.54382
0.163 -0.54376
0.1745 -0.54373
0.18598 -0.54368
0.19749 -0.54364
0.20898 -0.54359
0.22047 -0.54355
0.23197 -0.54351
0.24346 -0.54346
0.25496 -0.54342
0.26645 -0.54337
0.27794 -0.54333
0.28944 -0.54328
0.30098 -0.55481
0.31247 -0.55478
0.32401 -0.56632
0.3355 -0.56627
0.34704 -0.57781
0.35858 -0.58935
0.37012 -0.60089
0.38161 -0.60084
0.39314 -0.61238
0.40469 -0.62392
0.41623 -0.63546
0.42777 -0.647
0.4393 -0.65854
0.45084 -0.67007
0.46238 -0.68161
0.47392 -0.69315
0.48546 -0.70469
0.49699 -0.71623
0.50854 -0.72777
0.50858 -0.73935
0.52007 -0.7393
0.52012 -0.75089
0.53161 -0.75084
0.53166 -0.76243
0.5432 -0.77396
0.55473 -0.78549
0.56627 -0.79704
0.57781 -0.80858
0.58935 -0.82012
0.60089 -0.83165
0.61243 -0.8432
0.62395 -0.85473
0.6355 -0.86627
0.64704 -0.87781
0.65858 -0.88934
0.67007 -0.8893
0.67012 -0.90089
0.68161 -0.90084
0.68166 -0.91243
0.69315 -0.91238
0.70469 -0.92391
0.71623 -0.93546
0.72777 -0.947
0.7393 -0.95854
0.75084 -0.97007
0.76237 -0.9816
0.77392 -0.99315
0.78546 -1.00469
0.797 -1.01623
0.79704 -1.02781
0.79708 -1.03939
0.80862 -1.05093
0.80867 -1.06251
0.8202 -1.07405
0.82025 -1.08564
0.8203 -1.09722
0.82033 -1.1088
0.82038 -1.12038
0.82043 -1.13197
0.82047 -1.14355
0.82052 -1.15513
0.80907 -1.16676
0.79762 -1.17839
0.78617 -1.19001
0.77467 -1.19006
0.76318 -1.1901
0.75169 -1.19015
0.74019 -1.19019
0.7287 -1.19024
0.7172 -1.19028
0.7057 -1.19032
0.69422 -1.19037
0.68272 -1.19041
0.67123 -1.19046
0.65973 -1.1905
0.64824 -1.19055
0.63675 -1.19059
0.62524 -1.19064
0.61376 -1.19068
0.60226 -1.19072
0.59077 -1.19077
0.57928 -1.19081
0.56778 -1.19086
0.55629 -1.1909
0.54478 -1.19095
0.5333 -1.19099
0.5218 -1.19104
0.51031 -1.19108
0.49882 -1.19112
0.48732 -1.19117
0.47583 -1.1912
0.46433 -1.19126
0.45284 -1.1913
0.44135 -1.19135
0.42985 -1.19139
0.41836 -1.19143
0.40686 -1.19148
0.39537 -1.19152
0.38388 -1.19157
0.37243 -1.2032
0.36093 -1.20324
0.36098 -1.21482
0.34953 -1.22645
0.33808 -1.23808
0.32663 -1.2497
0.32667 -1.26129
0.32672 -1.27287
0.31527 -1.2845
0.31531 -1.29608
0.31536 -1.30766
0.3154 -1.31925
0.31544 -1.33083
0.31549 -1.34241
0.31552 -1.35399
0.31558 -1.36558
0.31562 -1.37716
0.31567 -1.38873
0.31571 -1.40033
0.31575 -1.41191
0.32729 -1.42344
0.32734 -1.43503
0.32738 -1.44661
0.33891 -1.45815
0.35046 -1.46969
0.362 -1.48123
0.37354 -1.49277
0.38507 -1.5043
0.39657 -1.50426
0.40805 -1.50422
0.41956 -1.50417
0.43109 -1.51571
0.44254 -1.50408
0.45399 -1.49246
0.46544 -1.48083
0.47689 -1.4692
0.48838 -1.46916
0.49984 -1.45753
0.51133 -1.45749
0.52283 -1.45744
0.53432 -1.4574
0.54581 -1.45735
0.55735 -1.46889
0.56884 -1.46885
0.58038 -1.48038
0.58043 -1.49197
0.59196 -1.50351
0.60346 -1.50346
0.61496 -1.50342
0.62645 -1.50336
0.63794 -1.50333
0.64944 -1.50328
0.66093 -1.50324
0.67242 -1.5032
0.68392 -1.50315
0.6954 -1.50311
0.70691 -1.50306
0.7184 -1.50302
0.7299 -1.50297
0.74139 -1.50293
0.75288 -1.50288
0.76438 -1.50284
0.77586 -1.5028
0.78737 -1.50275
0.79886 -1.50271
0.81036 -1.50266
0.82185 -1.50261
0.83334 -1.50257
0.84484 -1.50253
0.85633 -1.50248
0.86783 -1.50244
0.87931 -1.5024
0.89081 -1.50234
0.90231 -1.50231
0.9138 -1.50226
0.9253 -1.50221
0.93679 -1.50217
0.94828 -1.50213
0.95977 -1.50209
0.97127 -1.50204
0.98277 -1.502
0.99426 -1.50195
1.00575 -1.50191
1.01725 -1.50186
1.02874 -1.50182
1.04024 -1.50178
1.05173 -1.50173
1.06322 -1.50169
1.07472 -1.50164
1.08621 -1.5016
1.0977 -1.50155
1.1092 -1.50151
1.1207 -1.50146
1.13219 -1.50142
1.14364 -1.48979
1.15509 -1.47817
1.16654 -1.46654
1.17803 -1.46649
1.18948 -1.45487
1.20098 -1.45482
1.21247 -1.45478
1.22396 -1.45473
1.23546 -1.45469
1.24699 -1.46623
1.25854 -1.47777
1.27003 -1.47772
1.27007 -1.4893
1.28161 -1.50084
1.29311 -1.5008
1.3046 -1.50075
1.31609 -1.50071
1.32759 -1.50067
1.33908 -1.50062
1.35058 -1.50058
1.36203 -1.48895
1.37352 -1.48891
1.38497 -1.47728
1.39646 -1.47723
1.40791 -1.46561
1.41936 -1.45398
1.43081 -1.44235
1.44226 -1.43072
1.45371 -1.4191
1.46516 -1.40747
1.47661 -1.39584
1.47657 -1.38426
1.48802 -1.37263
1.48797 -1.36105
1.49942 -1.34942
1.49938 -1.33784
1.49933 -1.32626
1.49929 -1.31467
1.49925 -1.30309
1.5107 -1.29146
1.51065 -1.27988
1.49911 -1.26834
1.48757 -1.2568
1.47608 -1.25685
1.46454 -1.24531
1.4645 -1.23373
1.46445 -1.22214
1.45291 -1.21061
1.45286 -1.19902
1.45283 -1.18744
1.45278 -1.17586
1.45274 -1.16428
1.46418 -1.15265
1.47564 -1.14102
1.47559 -1.12944
1.48709 -1.12939
1.49858 -1.12935
1.51003 -1.11772
1.50999 -1.10614
1.50993 -1.09456
1.5099 -1.08297
1.50985 -1.07139
1.5098 -1.05981
1.50976 -1.04822
1.50972 -1.03664
1.50966 -1.02506
1.50963 -1.01348
1.50959 -1.00189
1.50953 -0.99031
1.5095 -0.97873
1.50945 -0.96714
1.50941 -0.95556
1.50936 -0.94398
1.50932 -0.9324
1.50928 -0.92081
1.50923 -0.90923
1.50919 -0.89765
1.50914 -0.88607
1.5091 -0.87448
1.50905 -0.8629
1.50901 -0.85131
1.50896 -0.83972
1.50892 -0.82815
1.50888 -0.81657
1.50883 -0.80499
1.50878 -0.7934
1.50874 -0.78182
1.5087 -0.77024
1.50865 -0.75865
1.50861 -0.74707
1.50857 -0.73549
1.50851 -0.72391
1.50848 -0.71232
1.50843 -0.70074
1.50839 -0.68916
1.50834 -0.67757
1.5083 -0.66598
1.50824 -0.65441
1.50821 -0.64283
1.50817 -0.63124
1.50812 -0.61966
1.50808 -0.60808
1.50803 -0.59649
1.50799 -0.58491
1.49645 -0.57337
1.48496 -0.57342
1.47342 -0.56188
1.46188 -0.55034
1.46183 -0.53876
1.46179 -0.52717
1.45025 -0.51563
1.45021 -0.50404
1.45016 -0.49247
1.45012 -0.48089
1.45007 -0.4693
1.46152 -0.45767
1.47297 -0.44605
1.48442 -0.43442
1.49587 -0.4228
1.49583 -0.41121
1.49577 -0.39963
1.49574 -0.38805
1.4842 -0.37651
1.48416 -0.36493
1.47262 -0.35339
1.46108 -0.34185
1.44954 -0.3303
1.43805 -0.33036
1.42651 -0.31882
1.41501 -0.31886
1.40348 -0.30732
1.39198 -0.30737
1.38049 -0.30741
1.36899 -0.30746
1.3575 -0.3075
1.34601 -0.30754
1.3345 -0.30759
1.32302 -0.30763
1.31152 -0.30768
1.30003 -0.30772
1.28854 -0.30777
1.27704 -0.30781
1.26559 -0.31944
1.2541 -0.31948
1.2426 -0.31952
1.23115 -0.33115
1.2197 -0.34277
1.20825 -0.35441
1.19676 -0.35445
1.1968 -0.36604
1.18536 -0.37766
1.1854 -0.38925
1.17395 -0.40087
1.17399 -0.41246
1.17404 -0.42404
1.17408 -0.43562
1.17413 -0.4472
1.17417 -0.45879
1.17422 -0.47037
1.17426 -0.48194
1.1743 -0.49353
1.17435 -0.50512
1.17439 -0.5167
1.17444 -0.52828
1.17448 -0.53987
1.17453 -0.55145
1.17457 -0.56303
1.17462 -0.57462
1.17466 -0.5862
1.1747 -0.59778
1.17475 -0.60936
1.17479 -0.62095
1.17484 -0.63253
1.17488 -0.64411
1.17493 -0.6557
1.17497 -0.66727
1.175 -0.67886
1.17506 -0.69044
1.1751 -0.70203
1.17515 -0.71361
1.17519 -0.72519
1.17524 -0.73678
1.17527 -0.74836
1.17533 -0.75993
1.17537 -0.77152
1.17541 -0.78311
1.17546 -0.79469
1.16401 -0.80632
1.15256 -0.81794
1.14111 -0.82957
1.12962 -0.82962
1.11812 -0.82966
1.10663 -0.82969
1.09513 -0.82975
1.08364 -0.82979
1.07214 -0.82984
1.06065 -0.82988
1.04911 -0.81834
1.03757 -0.8068
1.02608 -0.80684
1.01454 -0.79531
1.003 -0.78377
0.99146 -0.77223
0.97993 -0.7607
0.96838 -0.74916
0.95685 -0.73762
0.94531 -0.72608
0.93377 -0.71454
0.92222 -0.70299
0.91069 -0.69146
0.89916 -0.67993
0.88762 -0.66839
0.88757 -0.6568
0.87608 -0.65685
0.87604 -0.64527
0.86453 -0.64531
0.8645 -0.63373
0.85296 -0.62219
0.84141 -0.61065
0.82988 -0.59911
0.81834 -0.58757
0.8068 -0.57603
0.79527 -0.5645
0.78373 -0.55296
0.77219 -0.54142
0.76065 -0.52988
0.74911 -0.51834
0.73756 -0.5068
0.72608 -0.50685
0.72604 -0.49527
0.71454 -0.49531
0.7145 -0.48373
0.70299 -0.48377
0.69146 -0.47223
0.67993 -0.4607
0.66839 -0.44916
0.65685 -0.43762
0.64531 -0.42608
0.63377 -0.41454
0.62223 -0.403
0.62219 -0.39142
0.61065 -0.37988
0.59916 -0.37992
0.58762 -0.36839
0.58757 -0.3568
0.58753 -0.34522
0.57599 -0.33368
0.56445 -0.32214
0.56441 -0.31056
0.56436 -0.29898
0.55283 -0.28744
0.55278 -0.27586
0.54124 -0.26432
0.5412 -0.25274
0.54115 -0.24115
0.54111 -0.22957
0.54107 -0.21799
0.54102 -0.20641
0.54098 -0.19482
0.54093 -0.18324
0.54089 -0.17166
0.54084 -0.16007
0.5408 -0.14849
0.54075 -0.13691
0.54071 -0.12533
0.54067 -0.11374
0.54062 -0.10216
0.54057 -0.09058
0.54053 -0.07899
0.54049 -0.06741
0.54044 -0.05583
0.5404 -0.04425
0.54036 -0.03266
0.5403 -0.02108
0.54027 -9.49704e-3
0.52873 2.04142e-3
0.52868 0.01362
0.52864 0.02521
0.52859 0.03679
0.52855 0.04837
0.52851 0.05996
0.52846 0.07154
0.52842 0.08312
0.52837 0.0947
0.52833 0.10629
0.52828 0.11787
0.52824 0.12945
0.5282 0.14104
0.52815 0.15262
0.5281 0.1642
0.52806 0.17578
0.52802 0.18737
0.52797 0.19895
0.52793 0.21052
0.52788 0.22212
0.52783 0.2337
0.5278 0.24528
0.52775 0.25686
0.5392 0.26849
0.53915 0.28007
0.53911 0.29166
0.55056 0.30328
0.55052 0.31487
0.56197 0.32649
0.56192 0.33808
0.57337 0.3497
0.58482 0.36133
0.59627 0.37296
0.59623 0.38453
0.60772 0.38459
0.61917 0.39621
0.61913 0.4078
0.63058 0.41942
0.64203 0.43105
0.65348 0.44268
0.66493 0.4543
0.67638 0.46593
0.68783 0.47756
0.69928 0.48919
0.71072 0.50081
0.72222 0.50085
0.72217 0.51244
0.73362 0.52407
0.74507 0.53569
0.75657 0.53574
0.75652 0.54732
0.76797 0.55894
0.77946 0.55899
0.79091 0.57062
0.80237 0.58225
0.81382 0.59388
0.82527 0.6055
0.83672 0.61713
0.84817 0.62876
0.85962 0.64038
0.87107 0.65201
0.87102 0.66359
0.88251 0.66364
0.89395 0.67527
0.90541 0.68689
0.90537 0.69848
0.91686 0.69852
0.92831 0.71015
0.92827 0.72173
0.93971 0.73336
0.95116 0.74499
0.96262 0.75661
0.97407 0.76824
0.98552 0.77986
0.99697 0.79149
1.00842 0.80311
1.01991 0.80317
1.03141 0.80321
1.04286 0.81484
1.05435 0.81488
1.0658 0.8265
1.07729 0.82655
1.08879 0.8266
1.10028 0.82664
1.11178 0.82669
1.12327 0.82673
1.13476 0.82677
1.14626 0.82682
1.1578 0.81528
1.16933 0.80374
1.16938 0.79216
1.18092 0.78061
1.18096 0.76904
1.18101 0.75746
1.18105 0.74587
1.18109 0.73429
1.18114 0.72271
1.18118 0.71112
1.18123 0.69954
1.18127 0.68796
1.18132 0.67638
1.18136 0.66479
1.18141 0.65321
1.18145 0.64163
1.18149 0.63004
1.18154 0.61846
1.18158 0.60687
1.18163 0.5953
1.18167 0.58371
1.18171 0.57213
1.18176 0.56055
1.1818 0.54896
1.18185 0.53738
1.18189 0.5258
1.18194 0.51422
1.18198 0.50263
1.18203 0.49105
1.18207 0.47947
1.18212 0.46788
1.18216 0.4563
1.1822 0.44472
1.18225 0.43314
1.18229 0.42154
1.18234 0.40997
1.18238 0.39839
1.18243 0.3868
1.19396 0.37527
1.19401 0.36368
1.2055 0.36372
1.21704 0.35219
1.21709 0.34061
1.22858 0.34065
1.24012 0.32911
1.25161 0.32916
1.26315 0.31762
1.27464 0.31766
1.28614 0.31771
1.29763 0.31775
1.30913 0.3178
1.32062 0.31784
1.33212 0.31788
1.34361 0.31793
1.3551 0.31796
1.3666 0.31802
1.37809 0.31806
1.38959 0.31811
1.40107 0.31815
1.41253 0.32978
1.42402 0.32982
1.43552 0.32987
1.44696 0.34149
1.45842 0.35312
1.46987 0.36475
1.48132 0.37638
1.48126 0.38796
1.48123 0.39954
1.49268 0.41117
1.49263 0.42275
1.50408 0.43438
1.49254 0.44592
1.48101 0.45746
1.46947 0.46899
1.45793 0.48053
1.45788 0.49212
1.44635 0.50365
1.4463 0.51524
1.44626 0.52681
1.44621 0.5384
1.44617 0.54999
1.45762 0.56161
1.46906 0.57324
1.46902 0.58482
1.48052 0.58487
1.49197 0.59649
1.49192 0.60808
1.49188 0.61966
1.49183 0.63124
1.50328 0.64287
1.50324 0.65445
1.5032 0.66604
1.50315 0.67762
1.50311 0.6892
1.50306 0.70078
1.50302 0.71237
1.50297 0.72394
1.50293 0.73553
1.50288 0.74712
1.50284 0.7587
1.5028 0.77028
1.50275 0.78186
1.50271 0.79345
1.50266 0.80503
1.50261 0.8166
1.50257 0.8282
1.50253 0.83978
1.50248 0.85136
1.50244 0.86294
1.5024 0.87453
1.50234 0.88611
1.50231 0.89768
1.50226 0.90927
1.50221 0.92086
1.50217 0.93244
1.50213 0.94402
1.50209 0.95561
1.50204 0.96719
1.502 0.97877
1.50195 0.99036
1.50191 1.00194
1.50186 1.01352
1.50182 1.0251
1.50178 1.03669
1.50173 1.04827
1.50169 1.05985
1.50164 1.07142
1.5016 1.08302
1.50155 1.0946
1.50151 1.10618
1.50146 1.11777
1.50142 1.12935
1.48993 1.1293
1.47839 1.14084
1.46685 1.15238
1.4553 1.16392
1.45527 1.1755
1.45522 1.18709
1.44368 1.19862
1.44364 1.21021
1.44359 1.22179
1.44355 1.23337
1.44351 1.24496
1.45496 1.25658
1.46641 1.26821
1.47786 1.27984
1.4893 1.29146
1.48926 1.30305
1.48922 1.31463
1.47767 1.32617
1.47763 1.33775
1.47759 1.34933
1.47754 1.36092
1.4775 1.3725
1.47746 1.38408
1.46592 1.39562
1.46587 1.4072
1.45433 1.41874
1.4428 1.43028
1.43126 1.44181
1.41971 1.45336
1.40818 1.4649
1.39664 1.47643
1.3851 1.48797
1.37361 1.48793
1.36207 1.49947
1.35058 1.49942
1.33908 1.49938
1.32759 1.49933
1.31609 1.49929
1.3046 1.49925
1.29311 1.4992
1.28161 1.49916
1.27012 1.49911
1.25862 1.49907
1.24713 1.49902
1.24717 1.48743
1.23572 1.47581
1.22423 1.47577
1.21274 1.47572
1.20129 1.4641
1.18979 1.46405
1.1783 1.46401
1.1668 1.46396
1.15531 1.46391
1.14382 1.46388
1.13228 1.47541
1.12074 1.48695
1.1207 1.49854
1.12065 1.51012
1.10911 1.52166
1.09762 1.52161
1.08612 1.52157
1.07463 1.52152
1.06314 1.52148
1.05164 1.52143
1.04015 1.52139
1.02865 1.52135
1.01716 1.5213
1.00567 1.52125
0.99417 1.52121
0.98268 1.52117
0.97118 1.52112
0.95969 1.52108
0.9482 1.52104
0.9367 1.52098
0.9252 1.52095
0.91371 1.5209
0.90222 1.52085
0.89072 1.52081
0.87923 1.52077
0.86774 1.52071
0.85624 1.52068
0.84475 1.52064
0.83325 1.52058
0.82176 1.52055
0.81027 1.5205
0.79877 1.52046
0.78728 1.52041
0.77578 1.52037
0.76429 1.52033
0.7528 1.52028
0.74129 1.52024
0.72981 1.52019
0.71831 1.52015
0.70682 1.5201
0.69533 1.52006
0.68383 1.52001
0.67234 1.51997
0.66083 1.51993
0.64935 1.51988
0.63785 1.51983
0.62636 1.51979
0.61487 1.51975
0.60337 1.5197
0.59188 1.51966
0.58038 1.51962
0.56893 1.50799
0.56898 1.49641
0.55752 1.48478
0.54608 1.47315
0.53459 1.47311
0.52314 1.46148
0.51163 1.46143
0.50015 1.46139
0.48865 1.46135
0.47716 1.4613
0.46567 1.46126
0.45413 1.47279
0.44259 1.48433
0.43109 1.48429
0.41956 1.49583
0.40805 1.49577
0.39657 1.49574
0.38507 1.4957
0.37358 1.49565
0.36209 1.49561
0.35064 1.48398
0.33918 1.47235
0.32774 1.46072
0.32778 1.44913
0.31633 1.43751
0.31638 1.42593
0.30493 1.4143
0.30497 1.40272
0.30501 1.39114
0.30506 1.37956
0.3051 1.36797
0.30515 1.35639
0.30519 1.34481
0.30524 1.33322
0.30528 1.32164
0.30533 1.31006
0.30537 1.29848
0.30541 1.28689
0.31695 1.27536
0.317 1.26377
0.31704 1.25219
0.32858 1.24065
0.32862 1.22907
0.34012 1.22911
0.35165 1.21757
0.3517 1.20599
0.3632 1.20604
0.37473 1.1945
0.38627 1.18296
0.39777 1.183
0.40926 1.18305
0.42075 1.18309
0.43225 1.18314
0.44374 1.18318
0.45523 1.18322
0.46673 1.18327
0.47821 1.18331
0.48972 1.18336
0.50121 1.1834
0.51271 1.18345
0.5242 1.18349
0.53569 1.18354
0.54719 1.18358
0.55867 1.18362
0.57018 1.18367
0.58167 1.18371
0.59317 1.18376
0.60466 1.1838
0.61615 1.18385
0.62765 1.18388
0.63914 1.18393
0.65064 1.18398
0.66212 1.18402
0.67362 1.18407
0.68512 1.18411
0.69661 1.18415
0.70811 1.1842
0.7196 1.18425
0.73109 1.18429
0.74258 1.18433
0.75408 1.18438
0.76558 1.18442
0.77707 1.18447
0.78857 1.18451
0.8001 1.17297
0.81164 1.16143
0.82318 1.1499
0.82322 1.13831
0.82327 1.12673
0.82331 1.11515
0.82336 1.10357
0.8234 1.09198
0.82345 1.0804
0.82349 1.06882
0.81204 1.05719
0.80059 1.04556
0.80064 1.03398
0.78919 1.02235
0.77774 1.01072
0.76629 0.99909
0.75484 0.98747
0.74339 0.97584
0.73194 0.96422
0.72048 0.95259
0.70904 0.94096
0.69759 0.92933
0.68614 0.91771
0.67469 0.90608
0.66324 0.89445
0.65175 0.89441
0.65179 0.88283
0.64029 0.88278
0.64034 0.8712
0.62885 0.87115
0.6174 0.85953
0.60595 0.8479
0.5945 0.83626
0.58305 0.82464
0.5716 0.81301
0.56015 0.80139
0.5487 0.78976
0.53725 0.77814
0.5258 0.76651
0.51434 0.75488
0.5029 0.74325
0.50294 0.73167
0.49145 0.73163
0.49149 0.72004
0.48 0.72
0.48004 0.70842
0.46859 0.69679
0.45713 0.68516
0.4457 0.67354
0.43425 0.66191
0.4228 0.65028
0.41135 0.63865
0.3999 0.62703
0.38845 0.6154
0.377 0.60377
0.36555 0.59214
0.35405 0.59209
0.34256 0.59206
0.33111 0.58043
0.31966 0.5688
0.30817 0.56876
0.29672 0.55713
0.28522 0.55709
0.27373 0.55704
0.26228 0.54541
0.25078 0.54537
0.23929 0.54532
0.2278 0.54528
0.2163 0.54524
0.20481 0.54518
0.19331 0.54515
0.18182 0.5451
0.17033 0.54505
0.15883 0.54501
0.14734 0.54497
0.13584 0.54493
0.12435 0.54488
0.11286 0.54484
0.10136 0.54478
0.08987 0.54475
0.07837 0.5447
0.06688 0.54466
0.05538 0.54462
0.04389 0.54457
0.0324 0.54453
0.0209 0.54448
9.40828e-3 0.54444
-2.04142e-3 0.53281
-0.01354 0.53277
-0.02503 0.53271
-0.03651 0.53268
-0.04802 0.53263
-0.05951 0.53259
-0.07101 0.53254
-0.0825 0.5325
-0.09399 0.53246
-0.10549 0.53241
-0.11698 0.53237
-0.12848 0.53232
-0.13997 0.53228
-0.15146 0.53223
-0.16296 0.53219
-0.17445 0.53214
-0.18595 0.5321
-0.19744 0.53206
-0.20893 0.53201
-0.22043 0.53197
-0.23192 0.53192
-0.24342 0.53188
-0.25491 0.53183
-0.26641 0.53179
-0.27794 0.54333
-0.28944 0.54328
-0.30093 0.54324
-0.31247 0.55478
-0.32396 0.55473
-0.3355 0.56627
-0.34704 0.57781
-0.35858 0.58935
-0.37007 0.5893
-0.38161 0.60084
-0.39314 0.61238
-0.40469 0.62392
-0.41623 0.63546
-0.42777 0.647
-0.4393 0.65854
-0.45084 0.67007
-0.46238 0.68161
-0.47392 0.69315
-0.48546 0.70469
-0.49699 0.71623
-0.49704 0.7278
-0.50854 0.72777
-0.50858 0.73935
-0.52007 0.7393
-0.52012 0.75089
-0.53166 0.76243
-0.5432 0.77396
-0.55473 0.78549
-0.56627 0.79704
-0.57781 0.80858
-0.58935 0.82012
-0.60089 0.83165
-0.61243 0.8432
-0.62395 0.85473
-0.6355 0.86627
-0.64704 0.87781
-0.65854 0.87777
-0.65858 0.88934
-0.67007 0.8893
-0.67012 0.90089
-0.68161 0.90084
-0.69315 0.91238
-0.70469 0.92391
-0.71623 0.93546
-0.72777 0.947
-0.7393 0.95854
-0.75084 0.97007
-0.76237 0.9816
-0.77392 0.99315
-0.78546 1.00469
-0.797 1.01623
-0.80854 1.02777
-0.80858 1.03935
-0.80862 1.05093
-0.82016 1.06247
-0.8202 1.07405
-0.82025 1.08564
-0.8203 1.09722
-0.82033 1.1088
-0.82038 1.12038
-0.82043 1.13197
-0.82047 1.14355
-0.82052 1.15513
-0.80907 1.16676
-0.79762 1.17839
-0.78612 1.17843
-0.77467 1.19006
-0.76318 1.1901
-0.75169 1.19015
-0.74019 1.19019
-0.7287 1.19024
-0.7172 1.19028
-0.7057 1.19032
-0.69422 1.19037
-0.68272 1.19041
-0.67123 1.19046
-0.65973 1.1905
-0.64824 1.19055
-0.63675 1.19059
-0.62524 1.19064
-0.61376 1.19068
-0.60226 1.19072
-0.59077 1.19077
-0.57928 1.19081
-0.56778 1.19086
-0.55629 1.1909
-0.54478 1.19095
-0.5333 1.19099
-0.5218 1.19104
-0.51031 1.19108
-0.49882 1.19112
-0.48732 1.19117
-0.47583 1.1912
-0.46433 1.19126
-0.45284 1.1913
-0.44135 1.19135
-0.42985 1.19139
-0.41836 1.19143
-0.40686 1.19148
-0.39537 1.19152
-0.38388 1.19157
-0.37243 1.2032
-0.36093 1.20324
-0.36098 1.21482
-0.34953 1.22645
-0.33803 1.22649
-0.33808 1.23808
-0.32663 1.2497
-0.32667 1.26129
-0.31522 1.27291
-0.31527 1.2845
-0.31531 1.29608
-0.31536 1.30766
-0.3154 1.31925
-0.31544 1.33083
-0.31549 1.34241
-0.31552 1.35399
-0.31558 1.36558
-0.31562 1.37716
-0.31567 1.38873
-0.31571 1.40033
-0.31575 1.41191
-0.32729 1.42344
-0.32734 1.43503
-0.33888 1.44657
-0.33891 1.45815
-0.35046 1.46969
-0.362 1.48123
-0.37354 1.49277
-0.38503 1.49272
-0.39652 1.49268
-0.40805 1.50422
-0.41956 1.50417
-0.43105 1.50413
-0.44254 1.50408
-0.45399 1.49246
-0.46544 1.48083
-0.47689 1.4692
-0.48838 1.46916
-0.49984 1.45753
-0.51133 1.45749
-0.52283 1.45744
-0.53432 1.4574
-0.54581 1.45735
-0.55731 1.45731
-0.56884 1.46885
-0.58038 1.48038
-0.59192 1.49192
-0.60346 1.50346
-0.61496 1.50342
-0.62645 1.50336
-0.63798 1.51491
-0.64948 1.51487
-0.66098 1.51482
-0.67247 1.51478
-0.68396 1.51473
-0.69546 1.51468
-0.70695 1.51464
-0.71845 1.5146
-0.72994 1.51456
-0.74143 1.51451
-0.75293 1.51447
-0.76441 1.51441
-0.77592 1.51438
-0.78741 1.51433
-0.79891 1.51429
-0.8104 1.51425
-0.82189 1.5142
-0.83339 1.51416
-0.84487 1.51411
-0.85638 1.51407
-0.86787 1.51402
-0.87936 1.51398
-0.89086 1.51393
-0.90235 1.51389
-0.91385 1.51385
-0.92534 1.5138
-0.93683 1.51376
-0.94833 1.51371
-0.95982 1.51366
-0.97132 1.51362
-0.98281 1.51358
-0.9943 1.51353
-1.0058 1.51349
-1.01729 1.51345
-1.02879 1.51339
-1.04028 1.51336
-1.051781.51331
-1.06327 1.51327
-1.07476 1.51322
-1.08626 1.51318
-1.09775 1.51314
-1.10925 1.51309
-1.12074 1.51305
-1.1207 1.50146
-1.13214 1.48984
-1.14364 1.48979
-1.14359 1.47821
-1.15504 1.46658
-1.16654 1.46654
-1.17799 1.45491
-1.18948 1.45487
-1.20098 1.45482
-1.21247 1.45478
-1.22396 1.45473
-1.23546 1.45469
-1.24695 1.45464
-1.24699 1.46623
-1.25854 1.47777
-1.27003 1.47772
-1.28156 1.48926
-1.29306 1.48922
-1.30456 1.48917
-1.31605 1.48913
-1.32754 1.48908
-1.33904 1.48904
-1.35053 1.48899
-1.36203 1.48895
-1.37352 1.48891
-1.38497 1.47728
-1.39646 1.47723
-1.40791 1.46561
-1.41936 1.45398
-1.43081 1.44235
-1.44226 1.43072
-1.45371 1.4191
-1.46516 1.40747
-1.47661 1.39584
-1.47657 1.38426
-1.48802 1.37263
-1.48797 1.36105
-1.49942 1.34942
-1.49938 1.33784
-1.49933 1.32626
-1.49929 1.31467
-1.49925 1.30309
-1.4992 1.29151
-1.49916 1.27993
-1.49911 1.26834
-1.48757 1.2568
-1.47604 1.24527
-1.4645 1.23373
-1.46445 1.22214
-1.45291 1.21061
-1.45286 1.19902
-1.45283 1.18744
-1.45278 1.17586
-1.45274 1.16428
-1.45269 1.15269
-1.46414 1.14107
-1.47559 1.12944
-1.48704 1.11781
-1.49848 1.10618
-1.49845 1.0946
-1.4984 1.08302
-1.49836 1.07142
-1.49831 1.05985
-1.49827 1.04827
-1.49821 1.03669
-1.49818 1.0251
-1.49814 1.01352
-1.49809 1.00194
-1.49805 0.99036
-1.498 0.97877
-1.49796 0.96719
-1.49791 0.95561
-1.49787 0.94402
-1.49783 0.93244
-1.49778 0.92086
-1.49774 0.90927
-1.49769 0.89768
-1.49765 0.88611
-1.4976 0.87453
-1.49756 0.86294
-1.49751 0.85136
-1.49747 0.83978
-1.49743 0.8282
-1.49738 0.8166
-1.49734 0.80503
-1.49729 0.79345
-1.49725 0.78186
-1.49719 0.77028
-1.49716 0.7587
-1.49712 0.74712
-1.49707 0.73553
-1.49703 0.72394
-1.49698 0.71237
-1.49694 0.70078
-1.49689 0.6892
-1.49685 0.67762
-1.4968 0.66604
-1.49676 0.65445
-1.49672 0.64287
-1.49667 0.63129
-1.49663 0.6197
-1.49658 0.60812
-1.49654 0.59654
-1.49649 0.58496
-1.49645 0.57337
-1.48491 0.56183
-1.47337 0.5503
-1.46183 0.53876
-1.46179 0.52717
-1.45025 0.51563
-1.45021 0.50404
-1.45016 0.49247
-1.45012 0.48089
-1.45007 0.4693
-1.46152 0.45767
-1.47297 0.44605
-1.47293 0.43447
-1.47288 0.42288
-1.48433 0.41126
-1.48429 0.39967
-1.48425 0.38809
-1.4842 0.37651
-1.48416 0.36493
-1.47262 0.35339
-1.46108 0.34185
-1.44954 0.3303
-1.438 0.31877
-1.42651 0.31882
-1.41501 0.31886
-1.40348 0.30732
-1.39198 0.30737
-1.38049 0.30741
-1.36899 0.30746
-1.3575 0.3075
-1.34601 0.30754
-1.3345 0.30759
-1.32302 0.30763
-1.31152 0.30768
-1.30003 0.30772
-1.28854 0.30777
-1.27704 0.30781
-1.26555 0.30786
-1.2541 0.31948
-1.2426 0.31952
-1.23115 0.33115
-1.21966 0.3312
-1.2197 0.34277
-1.20825 0.35441
-1.19676 0.35445
-1.1968 0.36604
-1.19685 0.37762
-1.19689 0.3892
-1.19694 0.40078
-1.19694 0.40078
