#DataThief 8020.png Sunday 24-Jan-2016 12:59:42 PM
-1.18659 0.70198
-1.10658 0.81812
-0.96834 0.73756
-0.63368 0.39138
-0.54129 0.2759
-0.54084 0.16007
-0.52797 -0.19895
-0.53907 -0.30324
-0.61907 -0.41937
-1.03136 -0.81479
-1.11173 -0.83827
-1.18101 -0.75746
-1.18238 -0.39839
-1.34357 -0.32951
-1.48109 -0.43429
-1.4917 -0.66598
-1.5016 -1.08302
-1.48926 -1.30305
-1.43126 -1.44181
-1.28152 -1.52232
-1.06314 -1.52148
-0.61487 -1.51975
-0.40797 -1.51895
-0.30515 -1.35639
-0.38623 -1.19454
-0.73109 -1.18429
-0.80019 -1.14981
-0.7891 -1.04552
-0.39985 -0.63861
-0.30817 -0.56876
-0.19331 -0.54515
0.22047 -0.54355
0.31247 -0.55478
0.3932 -0.62395
0.79708 -1.03939
0.83192 -1.13192
0.77467 -1.19006
0.60231 -1.20231
0.44135 -1.19135
0.32707 -1.36553
0.4196 -1.51575
0.64944 -1.50328
1.10925 -1.51309
1.31609 -1.50071
1.45376 -1.43068
1.4992 -1.29151
1.51003 -1.11772
1.50821 -0.64283
1.49587 -0.4228
1.34605 -0.31913
1.18553 -0.42398
1.18686 -0.77148
1.14115 -0.84114
1.02608 -0.80684
0.6107 -0.39146
0.56445 -0.32214
0.5412 -0.25274
0.52815 0.15262
0.5278 0.24528
0.58491 0.33817
0.99697 0.79149
1.08879 0.8266
1.16951 0.75741
1.17084 0.40993
1.33212 0.31788
1.49268 0.41117
1.50346 0.59654
1.50155 1.0946
1.50084 1.27993
1.44284 1.4187
1.29311 1.4992
1.06318 1.5099
0.63794 1.49667
0.39661 1.48416
0.30515 1.35639
0.40926 1.18305
0.76562 1.17283
0.82322 1.13831
0.76633 0.9875
0.35405 0.59209
0.29676 0.54555
0.22784 0.5337
-0.22047 0.54355
-0.30093 0.54324
-0.35862 0.60093
-0.78549 1.01627
-0.83183 1.10876
-0.75169 1.19015
-0.39533 1.17994
-0.32703 1.35395
-0.41951 1.49258
-0.61496 1.50342
-1.09771 1.50155
-1.32754 1.48908
-1.43072 1.41919
-1.48766 1.27997
-1.5099 1.08297
-1.49658 0.60812
-1.50736 0.42275
-1.33447 0.296
-1.18544 0.40083
