#DataThief 8020.png Sunday 24-Jan-2016 1:15:00 PM
-1.16352 0.67891
-1.16419 0.85265
-0.54129 0.2759
-0.52762 -0.29161
-1.16911 -0.86166
-1.15957 -0.35197
-1.46991 -0.35317
-1.48851 -1.49996
-0.29308 -1.50692
-0.29423 -1.20577
-0.8345 -1.19627
-0.27373 -0.55704
0.32396 -0.55473
0.87812 -1.18966
0.31491 -1.19183
0.32765 -1.5161
1.50004 -1.51158
1.50697 -0.31851
1.17368 -0.33138
1.17568 -0.8526
0.55274 -0.26428
0.5507 0.26854
1.1921 0.86175
1.18269 0.31731
1.49303 0.31851
1.49996 1.51158
0.31607 1.50701
0.31735 1.17111
0.91503 1.17342
0.28531 0.53392
-0.28939 0.53169
-0.88961 1.18962
-0.32641 1.19179
-0.31615 1.51615
-1.51149 1.49996
-1.50697 0.31851
-1.1621 0.30825
