0.0008695565  3.453390886e-05
0.0009082035  3.603538316e-05
0.0009468505  3.753685745e-05
0.000985497  3.903833175e-05
0.001024145  4.053887288e-05
0.00106279  4.204128035e-05
0.001101435  4.354275465e-05
0.001140085  4.504422895e-05
0.001178735  4.654570324e-05
0.00121738  4.804717754e-05
0.001256025  4.954865184e-05
0.001294675  5.105012614e-05
0.00133332  5.255160044e-05
0.001371965  5.405307473e-05
0.001410615  5.555454903e-05
0.00144926  5.705509016e-05
0.001487905  5.855749763e-05
0.001526555  6.005897193e-05
0.0015652  6.155951305e-05
0.001603845  6.306192052e-05
0.001642495  6.456339482e-05
0.001681145  6.606486912e-05
0.00171979  6.756634342e-05
0.001758435  6.906781772e-05
0.001797085  7.056929201e-05
0.00183573  7.207076631e-05
0.001874375  7.357224061e-05
0.001913025  7.507371491e-05
0.00195167  7.657518921e-05
0.001990315  7.807573033e-05
0.002028965  7.95781378e-05
0.002067615  8.10796121e-05
0.00210626  8.25810864e-05
0.002144905  8.40825607e-05
0.002183555  8.5584035e-05
0.0022222  8.708550929e-05
0.01026576  8.858231773e-05
0.01831  9.00847252e-05
0.01835  9.15861995e-05
0.01839  9.308674063e-05
0.01843  9.45891481e-05
0.01847  9.609062239e-05
0.018505  9.759209669e-05
0.01854  9.909357099e-05
0.01858  0.0001005950453
0.01862  0.0001020965196
0.01866  0.0001035979939
0.0187  0.0001050994682
0.018735  0.0001066009425
0.018775  0.0001081024168
0.018815  0.0001096038911
0.01885  0.0001111053654
0.01889  0.0001126068397
0.01893  0.0001141073808
0.01897  0.0001156097883
0.01901  0.0001171112626
0.01905  0.0001186127369
0.019085  0.0001201142112
0.01912  0.0001216156855
0.01916  0.0001231171598
0.0192  0.0001246186341
0.01924  0.0001261201084
0.01928  0.0001276215827
0.01932  0.000129123057
0.027365  0.0001306207986
0.03541  0.0001321222729
0.03545  0.0001336237472
0.035485  0.0001351252215
0.03552  0.0001366266958
0.03556  0.0001381281701
0.0356  0.0001396296444
0.03564  0.0001411301855
0.03568  0.0001426325929
0.03572  0.0001441340672
0.035755  0.0001456346084
0.03579  0.0001471370158
0.03583  0.0001486384901
0.03587  0.0001501399644
0.03591  0.0001516414387
0.03595  0.000153142913
0.03599  0.0001546443873
0.036025  0.0001561458616
0.03606  0.0001576473359
0.0361  0.0001591488102
0.03614  0.0001606502845
0.03618  0.0001621508257
0.03622  0.0001636532331
0.03626  0.0001651547074
0.0363  0.0001666552485
0.036335  0.000168157656
0.03637  0.0001696591303
0.03641  0.0001711606046
0.03645  0.0001726620789
0.03649  0.0001741635532
0.03653  0.0001756650275
0.03657  0.0001771665018
0.036605  0.0001786679761
0.03664  0.0001801694504
0.03668  0.0001816709247
0.03672  0.0001831714658
0.03676  0.0001846738733
0.0368  0.0001861753476
0.03684  0.0001876768219
0.036875  0.0001891782962
0.03691  0.0001906797705
0.044955  0.0001921784453
0.053  0.0001936799196
0.05304  0.0001951813939
0.05308  0.0001966828682
0.05312  0.0001981843425
0.05316  0.0001996858168
0.0532  0.0002011872911
0.05324  0.0002026887654
0.053275  0.0002041902397
0.05331  0.000205691714
0.05335  0.0002071931883
0.05339  0.0002086946626
0.05343  0.0002101952037
0.05347  0.0002116976111
0.05351  0.0002131990854
0.053545  0.0002147005597
0.05358  0.000216202034
0.05362  0.0002177035083
0.05366  0.0002192049826
0.0537  0.0002207064569
0.05374  0.0002222079312
0.05378  0.0002237094055
0.05382  0.0002252108798
0.053855  0.000226711421
0.05389  0.0002282138284
0.05393  0.0002297153027
0.05397  0.000231216777
0.05401  0.0002327182513
0.05405  0.0002342197256
0.05409  0.0002357211999
0.054125  0.0002372226742
0.05416  0.0002387241485
0.0542  0.0002402256228
0.062245  0.0002417224312
0.07029  0.0002432248387
0.07033  0.000244726313
0.07037  0.0002462277873
0.07041  0.0002477292616
0.07045  0.0002492307359
0.070485  0.0002507322102
0.07052  0.0002522336845
0.07056  0.0002537351588
0.0706  0.0002552366331
0.07064  0.0002567381074
0.07068  0.0002582386485
0.07072  0.000259741056
0.07076  0.0002612425303
0.070795  0.0002627430714
0.07083  0.0002642454789
0.07087  0.0002657469532
0.07091  0.0002672484275
0.07095  0.0002687499018
0.07099  0.0002702513761
0.07103  0.0002717528504
0.071065  0.0002732543247
0.0711  0.000274755799
0.079145  0.0002762535406
0.08719  0.0002777540817
0.08723  0.0002792564892
0.08727  0.0002807579635
0.08731  0.0002822594378
0.08735  0.0002837609121
0.08739  0.0002852623864
0.08743  0.0002867638607
0.087465  0.000288265335
0.0875  0.0002897668093
0.08754  0.0002912682836
0.095585  0.000292765092
0.10363  0.0002942674995
0.10367  0.0002957689738
0.10371  0.0002972704481
0.10375  0.0002987719224
0.10379  0.0003002733967
0.103825  0.000301774871
0.10386  0.0003032763453
0.1039  0.0003047778196
0.10394  0.0003062792939
0.10398  0.0003077807682
0.10402  0.0003092813093
0.10406  0.0003107837168
0.112105  0.0003122814584
0.120145  0.0003137829327
0.12018  0.000315284407
0.12022  0.0003167858813
0.12026  0.0003182873556
0.1203  0.0003197888299
0.12034  0.0003212903042
0.12038  0.0003227917785
0.12042  0.0003242923196
0.128465  0.0003257909944
0.13651  0.0003272924687
0.13655  0.000328793943
0.136585  0.0003302954173
0.13662  0.0003317968916
0.13666  0.0003332983659
0.1367  0.000334798907
0.13674  0.0003363013144
0.13678  0.0003378027887
0.13682  0.0003393033299
0.136855  0.0003408057373
0.13689  0.0003423072116
0.13693  0.0003438086859
0.13697  0.0003453101602
0.13701  0.0003468116345
0.13705  0.0003483131088
0.13709  0.0003498145831
0.13713  0.0003513160574
0.145175  0.000352813799
0.15322  0.0003543143402
0.153255  0.0003558167476
0.15329  0.0003573182219
0.15333  0.0003588196962
0.15337  0.0003603211705
0.15341  0.0003618226448
0.15345  0.0003633241191
0.15349  0.0003648255934
0.153525  0.0003663270677
0.15356  0.000367828542
0.1536  0.0003693300163
0.15364  0.0003708305574
0.15368  0.0003723329649
0.15372  0.0003738344392
0.16176  0.000375333114
0.169805  0.0003768345883
0.16985  0.0003783360626
0.169885  0.0003798375369
0.16992  0.0003813390112
0.16996  0.0003828404855
0.17  0.0003843419598
0.170035  0.0003858434341
0.170075  0.0003873449084
0.17012  0.0003888463827
0.17016  0.000390347857
0.170195  0.0003918493313
0.17023  0.0003933508056
0.17027  0.0003948522799
0.17031  0.0003963537542
0.17035  0.0003978542953
0.17039  0.0003993567028
0.178435  0.0004008544444
0.18648  0.0004023559187
0.18652  0.000403857393
0.186555  0.0004053588673
0.18659  0.0004068603416
0.18663  0.0004083618159
0.18667  0.0004098632902
0.18671  0.0004113647645
0.18675  0.0004128653056
0.18679  0.0004143677131
0.18683  0.0004158691874
0.186865  0.0004173706617
0.1869  0.000418872136
0.18694  0.0004203736103
0.18698  0.0004218750845
0.195025  0.000423371893
0.20307  0.0004248743005
0.20311  0.0004263757748
0.20315  0.0004278763159
0.20319  0.0004293787234
0.203225  0.0004308801976
0.20326  0.0004323816719
0.2033  0.0004338831462
0.20334  0.0004353846205
0.20338  0.0004368860948
0.20342  0.0004383875691
0.203455  0.0004398890434
0.20349  0.0004413905177
0.20353  0.000442891992
0.20357  0.0004443925332
0.20361  0.0004458949406
0.20365  0.0004473964149
0.20369  0.0004488978892
0.211735  0.0004503956308
0.21978  0.0004518971051
0.21982  0.0004533985794
0.21986  0.0004549000537
0.219895  0.000456401528
0.21993  0.0004579030023
0.21997  0.0004594035435
0.22001  0.0004609059509
0.22005  0.0004624074252
0.22009  0.0004639088995
0.22013  0.0004654103738
0.220165  0.0004669118481
0.2202  0.0004684133224
0.22024  0.0004699147967
0.228285  0.0004714125383
0.23633  0.0004729140126
0.23637  0.0004744154869
0.23641  0.0004759169612
0.23645  0.0004774184355
0.23649  0.0004789199098
0.23653  0.0004804213841
0.236565  0.0004819228584
0.2366  0.0004834243327
0.23664  0.000484925807
0.23668  0.0004864272813
0.23672  0.0004879287556
0.23676  0.0004894302299
0.2368  0.0004909317042
0.236835  0.0004924331785
0.23687  0.0004939346528
0.23691  0.0004954351939
0.23695  0.0004969376014
0.244995  0.000498435343
0.25304  0.0004999368173
0.253075  0.0005014382916
0.253115  0.0005029397659
0.25316  0.0005044412402
0.253195  0.0005059427145
0.25323  0.0005074441888
0.25327  0.0005089456631
0.25331  0.0005104462042
0.253345  0.0005119486117
0.253385  0.000513450086
0.25343  0.0005149515603
0.261475  0.0005164493019
0.26952  0.0005179517094
0.26956  0.0005194531837
0.269595  0.000520954658
0.26963  0.0005224561323
0.26967  0.0005239576066
0.26971  0.0005254590808
0.26975  0.0005269605551
0.26979  0.0005284620294
0.26983  0.0005299635037
0.269865  0.000531464978
0.27791  0.0005329627197
0.285955  0.0005344641939
0.28599  0.0005359656682
0.28603  0.0005374671425
0.28607  0.0005389686168
0.28611  0.0005404700911
0.28615  0.0005419715654
0.28619  0.0005434730397
0.28623  0.000544974514
0.286265  0.0005464759883
0.2863  0.0005479765295
0.28634  0.0005494789369
0.28638  0.0005509804112
0.28642  0.0005524818855
0.28646  0.0005539833598
0.286495  0.0005554848341
0.29454  0.0005569825757
0.30259  0.00055848405
0.302625  0.0005599855243
0.30266  0.0005614869986
0.302695  0.0005629884729
0.302735  0.0005644899472
0.30278  0.0005659914215
0.310825  0.0005674891631
0.31887  0.0005689906374
0.31891  0.0005704921117
0.31895  0.000571993586
0.318985  0.0005734950603
0.31902  0.0005749965346
0.31906  0.0005764980089
0.3191  0.0005779994832
0.31914  0.0005795009575
0.31918  0.0005810024318
0.327225  0.0005825001734
0.33527  0.0005840016477
0.33531  0.000585503122
0.33535  0.0005870045963
0.335385  0.0005885060706
0.33542  0.0005900075449
0.33546  0.0005915090192
0.3355  0.0005930095603
0.33554  0.0005945119678
0.33558  0.0005960134421
0.33562  0.0005975149164
0.343665  0.000599012658
0.351705  0.0006005141323
0.35174  0.0006020156066
0.35178  0.0006035170809
0.35182  0.0006050185552
0.35186  0.0006065200295
0.3519  0.0006080205706
0.35194  0.0006095229781
0.359985  0.0006110207197
0.36803  0.000612522194
0.36807  0.0006140236683
0.36811  0.0006155251426
0.368145  0.0006170266169
0.36818  0.000618527158
0.36822  0.0006200295655
0.36826  0.0006215310398
0.376305  0.0006230297146
0.38435  0.0006245302557
0.38439  0.0006260326632
0.38443  0.0006275341375
0.38447  0.0006290346786
0.392515  0.0006305333534
0.40056  0.0006320348277
0.400595  0.000633536302
0.40063  0.0006350377763
0.40067  0.0006365392506
0.40071  0.0006380407249
0.40075  0.000639541266
0.400785  0.0006410436735
0.40883  0.0006425414151
0.41688  0.0006440428894
0.416915  0.0006455443637
0.41695  0.000647045838
0.416985  0.0006485473123
0.417025  0.0006500487866
0.425075  0.0006515465282
0.43312  0.0006530470693
0.43316  0.0006545494768
0.4332  0.0006560509511
0.441245  0.0006575486927
0.44929  0.000659050167
0.44933  0.0006605516413
0.44937  0.0006620531156
0.44941  0.0006635545899
0.449445  0.0006650560642
0.44948  0.0006665575385
0.457525  0.0006680552801
0.46557  0.0006695567544
0.46561  0.0006710582287
0.47365  0.0006725559703
0.481695  0.0006740574446
0.48174  0.0006755589189
0.48178  0.00067705946
0.48182  0.0006785618675
0.481855  0.0006800633418
0.4899  0.0006815620166
0.49795  0.0006830625577
0.497985  0.0006845649651
0.49802  0.0006860664394
0.506065  0.0006875641811
0.51411  0.0006890656554
0.51415  0.0006905671297
0.514185  0.000692068604
0.52223  0.0006935663456
0.53028  0.0006950678199
0.538325  0.0006965655615
0.54637  0.0006980670358
0.54641  0.0006995685101
0.54645  0.0007010699844
0.54649  0.0007025714587
0.554535  0.0007040692003
0.57058  0.0007055669419
0.578625  0.0007070684162
0.586675  0.0007085661578
0.59472  0.0007100676321
0.602765  0.0007115663069
0.618815  0.0007130640485
0.634865  0.0007145617901
0.650895  0.0007145580574
0.66693  0.000716055799
0.682985  0.0007175535406
0.699015  0.0007175498079
0.715025  0.0007175460752
0.73102  0.0007160418014
0.747015  0.0007160380687
0.763025  0.000716034336
0.77904  0.0007160306033
0.795035  0.0007145253964
0.811025  0.0007145207305
0.82702  0.0007130164567
0.84299  0.0007115121829
0.85896  0.0007100069759
0.87496  0.0007100032432
0.890955  0.0007084980362
0.906925  0.0007069928292
0.9229  0.0007054876222
0.938855  0.0007024809409
0.94684  0.0007039814821
0.95483  0.0007009766671
0.970785  0.0006994714601
0.98674  0.0006964647789
0.99473  0.0006979662532
1.002675  0.0006919566233
1.01062  0.0006934580976
1.01066  0.0006949595719
1.01863  0.0006904514163
1.034545  0.000687444735
1.04253  0.0006889462093
1.05052  0.000685939528
1.066455  0.0006829328467
1.07444  0.000684434321
1.08241  0.0006799270986
1.09038  0.0006814285729
1.098365  0.0006784218916
1.1143  0.0006754152103
1.12229  0.0006769166846
1.13025  0.0006724085291
1.138215  0.0006739100033
1.14621  0.0006709033221
1.162145  0.0006678966408
1.17013  0.0006693981151
1.17812  0.0006663914338
1.194055  0.0006633856857
1.20204  0.00066488716
1.21001  0.0006603790044
1.21798  0.0006618804787
1.225965  0.0006588737974
1.2419  0.0006558671161
1.24989  0.0006573685904
1.257855  0.0006528604348
1.26582  0.0006543619091
1.27379  0.0006498528204
1.28176  0.0006513552278
1.289725  0.0006468470723
1.29769  0.0006483485466
1.30568  0.0006453418653
1.321615  0.0006423361172
1.3296  0.0006438366583
1.33757  0.0006393294359
1.345535  0.0006408309102
1.353515  0.0006378242289
1.369455  0.0006348175476
1.37745  0.0006363190219
1.385435  0.0006333123406
1.40137  0.0006303056593
1.40936  0.0006318071336
1.417345  0.0006288004523
1.43328  0.0006257947042
1.44127  0.0006272952454
1.449255  0.0006242894972
1.46521  0.0006227842903
1.481165  0.000619777609
1.48915  0.0006212790833
1.49714  0.000618272402
1.513075  0.0006152657207
1.52106  0.000616767195
1.529045  0.0006137605137
1.544995  0.0006122553067
1.560945  0.0006092495586
1.568935  0.0006107510329
1.57693  0.0006077443516
1.592865  0.0006047376703
1.60085  0.0006062391446
1.60884  0.0006032324633
1.624795  0.0006017263232
1.64075  0.0005987205751
1.64874  0.0006002211162
1.656725  0.0005972153681
1.67268  0.0005957110943
1.688655  0.0005942049541
1.704645  0.0005942021546
1.720635  0.0005926969476
1.73661  0.0005911917406
1.74462  0.0005926932149
1.752625  0.0005911880079
1.76862  0.0005911842752
1.784635  0.0005911805425
1.800645  0.000591177743
1.816655  0.0005911740103
1.832665  0.0005911702777
1.84868  0.000591166545
1.864695  0.0005911628123
1.880705  0.0005911590796
1.89672  0.0005911553469
1.912735  0.0005911525474
1.928745  0.0005911488147
1.94476  0.000591145082
1.960775  0.0005911413493
1.976785  0.0005911376166
1.992795  0.0005911338839
2.00881  0.0005911301512
2.024825  0.0005911264186
2.040835  0.000591123619
2.056865  0.0005926213606
2.0729  0.000592617628
2.088935  0.0005941153696
2.104965  0.0005941116369
2.120995  0.0005956093785
2.137045  0.0005971071201
2.15308  0.0005971043206
2.169115  0.0005986020622
2.185165  0.0006000998038
2.201215  0.0006015975454
2.217265  0.000603095287
2.22531  0.0006045967613
2.233355  0.0006060945029
2.249405  0.0006075922445
2.25745  0.0006090937188
2.265495  0.0006105923936
2.27354  0.0006120938679
2.27358  0.0006135953422
2.273615  0.0006150968165
2.273655  0.0006165982908
2.2737  0.0006180997651
2.273735  0.0006196012394
2.27377  0.0006211017805
2.28181  0.0006226004553
2.289855  0.0006241019296
2.2899  0.0006256034039
2.28994  0.0006271048782
2.28998  0.0006286063525
2.29002  0.0006301078268
2.29006  0.0006316093011
2.29009  0.0006331107754
2.290125  0.0006346122497
2.298175  0.0006361099913
2.30622  0.0006376114656
2.30626  0.0006391129399
2.3063  0.0006406144142
2.30634  0.0006421158885
2.30638  0.0006436173628
2.30642  0.0006451188371
2.30646  0.0006466203114
2.314505  0.000648118053
2.32255  0.0006496185941
2.322585  0.0006511210016
2.32262  0.0006526224759
2.32266  0.0006541239502
2.3227  0.0006556254245
2.32274  0.0006571268988
2.330785  0.0006586246404
2.338825  0.0006601261147
2.338865  0.000661627589
2.33891  0.0006631290633
2.338945  0.0006646305376
2.33898  0.0006661320119
2.34702  0.0006676297535
2.355065  0.0006691312278
2.35511  0.0006706327021
2.35515  0.0006721341764
2.35519  0.0006736356507
2.35523  0.000675137125
2.35527  0.0006766385993
2.363315  0.0006781363409
2.37136  0.0006796378152
2.3714  0.0006811392895
2.371435  0.0006826407638
2.37147  0.0006841422381
2.37151  0.0006856437124
2.379555  0.0006871423872
2.3876  0.0006886438615
2.38764  0.0006901453358
2.38768  0.0006916468101
2.38772  0.0006931482844
2.38776  0.0006946497586
2.395805  0.0006961475003
2.40385  0.0006976489746
2.403885  0.0006991504489
2.40392  0.0007006519232
2.40396  0.0007021533974
2.412005  0.0007036511391
2.42005  0.0007051516802
2.42009  0.0007066540877
2.42013  0.000708155562
2.42017  0.0007096561031
2.428215  0.0007111547779
2.43626  0.0007126562522
2.4363  0.0007141577265
2.436335  0.0007156592008
2.43637  0.0007171606751
2.444415  0.0007186574835
2.45246  0.000720159891
2.4525  0.0007216613653
2.45254  0.0007231628396
2.45258  0.0007246643139
2.460625  0.0007261620555
2.46867  0.0007276635298
2.468705  0.0007291650041
2.468745  0.0007306664784
2.46879  0.0007321679527
2.476835  0.0007336656943
2.48488  0.0007351671686
2.484915  0.0007366686429
2.48495  0.0007381701172
2.48499  0.0007396715915
2.49303  0.0007411702662
2.501075  0.0007426717405
2.50112  0.0007441732148
2.50116  0.0007456746891
2.5012  0.0007471761634
2.509245  0.000748673905
2.51729  0.0007501753793
2.51733  0.0007516768536
2.517365  0.0007531783279
2.52541  0.0007546760695
2.53345  0.0007561775438
2.533485  0.0007576790181
2.53353  0.0007591804924
2.53357  0.0007606819667
2.541615  0.0007621787752
2.54966  0.0007636811826
2.5497  0.0007651826569
2.54974  0.0007666841312
2.549775  0.0007681856055
2.55782  0.0007696833471
2.56587  0.0007711848214
2.56591  0.0007726862957
2.565945  0.00077418777
2.565975  0.0007756892443
2.57402  0.0007771869859
2.58207  0.0007786884602
2.58211  0.0007801899345
2.58215  0.0007816914088
2.58219  0.0007831928831
2.590235  0.0007846906247
2.59828  0.0007861911659
2.598315  0.0007876935733
2.598355  0.0007891950476
2.59839  0.0007906965219
2.60643  0.0007921942636
2.61448  0.000793696671
2.614515  0.0007951981453
2.614555  0.0007966996196
2.622605  0.0007981973612
2.630645  0.0007996988355
2.630685  0.0008012003098
2.63073  0.0008027008509
2.63077  0.0008042032584
2.63081  0.0008057047327
2.638855  0.0008072024743
2.6469  0.0008087039486
2.64694  0.0008102054229
2.646975  0.0008117068972
2.64701  0.0008132083715
2.655055  0.0008147061131
2.6631  0.0008162066543
2.66314  0.0008177090617
2.66318  0.000819210536
2.671225  0.0008207082776
2.67927  0.0008222097519
2.67931  0.0008237112262
2.67935  0.0008252127005
2.679385  0.0008267141748
2.67942  0.0008282156491
2.68747  0.0008297133907
2.695515  0.000831214865
2.69555  0.0008327163393
2.695585  0.0008342178136
2.70363  0.0008357155552
2.71168  0.0008372170295
2.71172  0.0008387185038
2.71176  0.0008402199781
2.7118  0.0008417214524
2.719845  0.0008432201272
2.72789  0.0008447216015
2.727925  0.0008462230758
2.72796  0.0008477245501
2.728  0.0008492260244
2.72804  0.0008507274987
2.736085  0.0008522252403
2.744125  0.0008537267146
2.744165  0.0008552281889
2.74421  0.0008567296632
2.74425  0.0008582311375
2.752295  0.0008597279459
2.76034  0.0008612303534
2.76038  0.0008627318277
2.76042  0.000864233302
2.768465  0.0008657310436
2.77651  0.0008672325179
2.776545  0.0008687339922
2.77658  0.0008702354665
2.77662  0.0008717369408
2.784665  0.0008732346824
2.79271  0.0008747361567
2.79275  0.000876237631
2.79279  0.0008777391053
2.79283  0.0008792405796
2.800875  0.0008807383212
2.80892  0.0008822397955
2.80896  0.0008837403366
2.808995  0.0008852427441
2.80903  0.0008867442184
2.809065  0.0008882456927
2.81711  0.0008897434343
2.82516  0.0008912449086
2.825195  0.0008927463829
2.83324  0.0008942441245
2.84129  0.0008957455988
2.84133  0.0008972470731
2.84137  0.0008987485474
2.849415  0.0009002472222
2.85746  0.0009017486965
2.8575  0.0009032501708
2.857535  0.0009047516451
2.86558  0.0009062493867
2.87363  0.000907750861
2.873665  0.0009092523353
2.8737  0.0009107538096
2.881745  0.000912250618
2.88979  0.0009137530255
2.88983  0.0009152544998
2.889865  0.0009167559741
2.89791  0.0009182537157
2.90596  0.00091975519
2.906  0.0009212566643
2.90604  0.0009227572054
2.914085  0.0009242558802
2.92213  0.0009257573545
2.92217  0.0009272588288
2.930215  0.0009287565704
2.93826  0.0009302580447
2.938295  0.0009317585858
2.93833  0.0009332609933
2.946375  0.0009347587349
2.95442  0.0009362602092
2.95446  0.0009377616835
2.962505  0.0009392603583
2.97055  0.0009407618326
2.97059  0.0009422633069
2.978635  0.0009437610485
2.98668  0.0009452625228
2.98672  0.0009467639971
2.994765  0.0009482617387
3.00281  0.000949763213
3.00285  0.0009512646873
3.010895  0.0009527624289
3.01894  0.0009542639032
3.01898  0.0009557653775
3.027025  0.0009572631191
3.03507  0.0009587636602
3.035105  0.0009602660677
3.04315  0.0009617638093
3.051195  0.0009632652836
3.05123  0.0009647667579
3.059275  0.0009662644995
3.06732  0.0009677650407
3.075365  0.0009692646486
3.08341  0.0009707661229
3.091455  0.0009722638645
3.0995  0.0009737653388
3.09954  0.0009752668131
3.107585  0.0009767645547
3.11563  0.000978266029
3.123675  0.0009797637706
3.13172  0.0009812643118
3.139765  0.0009827629865
3.14781  0.0009842644608
3.155855  0.0009857612693
3.1639  0.0009872636767
3.171945  0.0009887614183
3.188  0.00099025916
3.196045  0.0009917615674
3.20409  0.000993259309
3.212135  0.0009947607833
3.22018  0.0009962585249
3.236235  0.0009977553334
3.24428  0.0009992577408
3.252325  0.001000755482
3.268375  0.001002253224
3.27642  0.001003754698
3.284465  0.001005251507
3.300515  0.001006750182
3.316565  0.001008248856
3.32461  0.001009750331
3.33265  0.001011248072
3.3487  0.001012745814
3.364755  0.001014243555
3.380805  0.001015741297
3.39686  0.001017238106
3.41291  0.00101873678
3.42896  0.001020235455
3.445015  0.001021733197
3.461065  0.001023230938
3.477115  0.001024727747
3.493165  0.001026226422
3.50922  0.001027724163
3.52525  0.00102772043
3.54126  0.001027717631
3.54929  0.001029219105
3.557315  0.001029215373
3.57333  0.00102921164
3.58936  0.001030709381
3.60541  0.001032207123
3.62144  0.00103220339
3.63747  0.001033701132
3.653525  0.001035198874
3.66956  0.001035196074
3.685595  0.001036693816
3.701625  0.001036690083
3.717655  0.001038187825
3.733685  0.001038183159
3.74972  0.001039681834
3.765755  0.001039678101
3.78176  0.001039675301
3.79779  0.001041173043
3.81383  0.00104116931
3.829865  0.001042667052
3.84589  0.001042663319
3.8619  0.001042659586
3.87793  0.001044157328
3.893965  0.001044154529
3.909985  0.001044150796
3.926015  0.001045647604
3.942045  0.001045644805
3.95806  0.001045641072
3.97407  0.001045637339
3.99008  0.001045633607
4.006095  0.001045629874
4.02211  0.001045627075
4.038125  0.001045623342
4.054135  0.001045619609
4.070145  0.001045615876
4.08614  0.001044110669
4.102135  0.001044106937
4.11813  0.00104260173
4.134125  0.00104259893
4.150115  0.001041093723
4.166105  0.001041089991
4.1821  0.001039584784
4.198095  0.001039581051
4.21409  0.001038075844
4.230085  0.001038072111
4.246075  0.001036567837
4.26205  0.00103506263
4.278045  0.001035058898
4.294035  0.001033553691
4.31001  0.001032048484
4.326005  0.001032044751
4.341995  0.001030539544
4.35797  0.001029034337
4.373945  0.001027530063
4.38992  0.001026024856
4.405915  0.001026021124
4.4219  0.001024515917
4.437875  0.00102301071
4.453855  0.001021505503
4.46983  0.001020000296
4.485805  0.001018496022
4.501755  0.001015489341
4.50974  0.001016990815
4.51773  0.001013984134
4.533645  0.001009475978
4.54161  0.001010977452
4.541645  0.001012478927
4.549615  0.001007970771
4.55759  0.001009472245
4.56556  0.00100496409
4.573525  0.001006465564
4.58151  0.001003458883
4.597445  0.001000452201
4.60543  0.001001953676
4.613415  0.0009989479276
4.629345  0.0009959412463
4.637335  0.0009974427206
4.64531  0.0009929345651
4.65328  0.0009944360394
4.66125  0.0009899278838
4.669215  0.0009914293581
4.677195  0.0009884226768
4.693115  0.0009839145212
4.70108  0.0009854159955
4.701115  0.0009869174698
4.70907  0.0009809078399
4.71702  0.0009824093142
4.72499  0.0009779020918
4.73296  0.0009794035661
4.740925  0.0009748954105
4.74889  0.0009763968848
4.75684  0.0009703872549
4.76479  0.0009718887292
4.76483  0.0009733902035
4.772775  0.0009673805736
4.78072  0.0009688820479
4.78867  0.0009628724181
4.79662  0.0009643738924
4.79666  0.0009658753667
4.80459  0.0009583642625
4.81252  0.0009598657368
4.81256  0.0009613672111
4.820485  0.0009538561069
4.82841  0.0009553575812
4.82845  0.0009568590555
4.83636  0.000947846477
4.84427  0.0009493479513
4.84431  0.0009508494256
4.84435  0.0009523508999
4.85222  0.000940336306
4.86009  0.0009418377803
4.86013  0.0009433392546
4.86017  0.0009448407289
4.86021  0.0009463422032
4.8681  0.0009358281504
4.87599  0.0009373296247
4.87603  0.000938831099
4.88388  0.0009253131645
4.89173  0.0009268155719
4.891765  0.0009283170462
4.891805  0.0009298185205
4.89185  0.0009313199948
4.891885  0.0009328214691
4.89192  0.0009343229434
4.899735  0.0009178029935
4.90755  0.0009193035346
4.90759  0.0009208059421
4.907625  0.0009223074164
4.907665  0.0009238088907
4.91548  0.0009072889407
4.923285  0.000908790415
4.923325  0.0009102918893
4.92337  0.0009117933636
4.92341  0.0009132939047
4.92345  0.0009147963122
4.923485  0.0009162977865
4.931295  0.0008997778365
4.93911  0.0009012793108
4.939145  0.0009027807851
4.939185  0.0009042822594
4.93923  0.0009057837337
4.947035  0.0008892628506
4.954845  0.000890765258
4.95489  0.0008922667323
4.95493  0.0008937682066
4.95497  0.0008952696809
4.95501  0.0008967711552
4.95505  0.0008982726295
4.962845  0.0008802512053
4.970635  0.0008817526796
4.97067  0.0008832532207
4.97071  0.0008847556281
4.97075  0.0008862571024
4.97079  0.0008877585767
4.978605  0.0008712395599
4.986415  0.0008727410342
4.98645  0.0008742425085
4.98649  0.0008757439828
4.98653  0.0008772454571
4.98657  0.0008787469314
4.994385  0.0008622269815
5.0022  0.0008637284558
5.002235  0.0008652299301
5.00227  0.0008667304712
5.00231  0.0008682328787
5.00235  0.000869734353
5.010165  0.000853214403
5.01798  0.0008547158773
5.01802  0.0008562173516
5.018055  0.0008577188259
5.01809  0.0008592203002
5.018125  0.0008607217745
5.02592  0.0008427003502
5.03372  0.0008442018245
5.03376  0.0008457032988
5.0338  0.0008472047731
5.033835  0.0008487062474
5.03387  0.0008502077217
5.03391  0.000851709196
5.041705  0.0008336877717
5.0495  0.000835189246
5.04954  0.0008366907203
5.04958  0.0008381921946
5.04962  0.0008396936689
5.049655  0.0008411951432
5.057465  0.0008246751933
5.06528  0.0008261757344
5.06532  0.0008276781419
5.06536  0.0008291796162
5.0654  0.0008306801573
5.06544  0.0008321825647
5.07325  0.0008156626148
5.08106  0.0008171640891
5.0811  0.0008186655634
5.08114  0.0008201670377
5.08118  0.000821668512
5.08122  0.0008231699863
5.08901  0.000805148562
5.0968  0.0008066509695
5.09684  0.0008081524438
5.09688  0.0008096529849
5.09692  0.0008111553924
5.09696  0.0008126568667
5.097  0.0008141574078
5.104795  0.0007961369167
5.112585  0.000797638391
5.11262  0.0007991398653
5.11266  0.0008006413396
5.1127  0.0008021428139
5.11274  0.000803643355
5.120555  0.0007871243382
5.12837  0.0007886258125
5.128405  0.0007901272868
5.12844  0.0007916287611
5.12848  0.0007931302354
5.12852  0.0007946317097
5.136335  0.0007781117597
5.14415  0.0007796123009
5.144185  0.0007811147083
5.14422  0.0007826161826
5.14426  0.0007841176569
5.1443  0.0007856191312
5.152115  0.0007690991813
5.15993  0.0007706006556
5.15997  0.0007721021299
5.160005  0.0007736036042
5.16004  0.0007751050785
5.16008  0.0007766065528
5.167875  0.0007585851285
5.17567  0.0007600866028
5.17571  0.0007615880771
5.17575  0.0007630895514
5.175785  0.0007645910257
5.17582  0.0007660925
5.17586  0.0007675939743
5.183655  0.00074957255
5.19145  0.0007510740243
5.19149  0.0007525754986
5.191525  0.0007540769729
5.191565  0.0007555784472
5.191605  0.0007570799215
5.199415  0.0007405599715
5.20723  0.0007420614458
5.20727  0.000743561987
5.20731  0.0007450643944
5.20735  0.0007465658687
5.20739  0.000748067343
5.2152  0.0007315483262
5.22301  0.0007330488673
5.223045  0.0007345512748
5.223085  0.0007360527491
5.22313  0.0007375542234
5.22317  0.0007390556977
5.23098  0.0007225348146
5.23879  0.000724037222
5.23883  0.0007255386963
5.23887  0.0007270392375
5.23891  0.0007285416449
5.23895  0.0007300431192
5.246745  0.000712021695
5.254535  0.0007135231693
5.254565  0.0007150246436
5.254605  0.0007165261179
5.25465  0.0007180275922
5.25469  0.0007195290665
5.25473  0.0007210296076
5.262525  0.0007030091165
5.27032  0.0007045105908
5.270355  0.0007060120651
5.27039  0.0007075135394
5.27043  0.0007090150137
5.27047  0.000710516488
5.278265  0.0006924950637
5.28606  0.000693996538
5.2861  0.0006954980123
5.286135  0.0006969994866
5.28617  0.0006985009609
5.28621  0.0007000024352
5.28625  0.0007015039095
5.294045  0.0006834824852
5.30184  0.0006849839595
5.30188  0.0006864854338
5.30192  0.0006879869081
5.301955  0.0006894883824
5.30199  0.0006909889236
5.309805  0.0006744699068
5.31762  0.0006759713811
5.31766  0.0006774728554
5.3177  0.0006789743296
5.31774  0.0006804758039
5.317775  0.0006819772782
5.325585  0.0006654573283
5.3334  0.0006669588026
5.33344  0.0006684602769
5.33348  0.0006699617512
5.33352  0.0006714632255
5.333555  0.0006729646998
5.341365  0.000656445683
5.34918  0.0006579471573
5.34922  0.0006594486316
5.34926  0.0006609501059
5.3493  0.0006624515802
5.34934  0.0006639530545
5.35715  0.0006474331045
5.36496  0.0006489345788
5.365  0.0006504360531
5.36504  0.0006519375274
5.36508  0.0006534390017
5.36512  0.000654940476
5.37293  0.000638420526
5.38074  0.0006399210671
5.38078  0.0006414234746
5.38082  0.0006429249489
5.380855  0.0006444264232
5.380895  0.0006459278975
5.38871  0.0006294079475
5.39652  0.0006309094218
5.39656  0.0006324108961
5.3966  0.0006339114373
5.39664  0.0006354138447
5.39668  0.000636915319
5.40453  0.0006233983177
5.412375  0.000624899792
5.412415  0.0006264012662
5.41246  0.0006279018074
5.420365  0.0006188901621
5.428275  0.0006203916364
5.42832  0.0006218931107
5.43627  0.0006158834808
5.444215  0.0006173849551
5.45218  0.0006128767995
5.46015  0.0006143773406
5.46812  0.0006098710514
5.476085  0.0006113725257
5.48405  0.0006068643701
5.49202  0.0006083658444
5.49999  0.0006038576888
5.507955  0.0006053591631
5.51592  0.0006008510075
5.523885  0.0006023524818
5.531855  0.0005978443262
5.53983  0.0005993458005
5.547815  0.0005963391193
5.56375  0.000593332438
5.57174  0.0005948339123
5.579725  0.0005918281642
5.59568  0.0005903229572
5.611635  0.0005873162759
5.61962  0.0005888177502
5.627605  0.0005858110689
5.643555  0.0005843058619
5.65953  0.0005828006549
5.67549  0.0005797939736
5.68348  0.0005812945148
5.691465  0.0005782887666
5.707415  0.0005767844928
5.72339  0.0005752792858
5.739365  0.0005737731457
5.755335  0.0005722688719
5.77131  0.0005707636649
5.78729  0.0005692584579
5.803265  0.0005677532509
5.81925  0.0005677504514
5.835265  0.0005677467187
5.851285  0.000567742986
5.867295  0.0005677392533
5.883305  0.0005677355206
5.89932  0.0005677317879
5.91535  0.0005692295295
5.93138  0.0005692257969
5.947395  0.0005692229973
5.96341  0.0005692192647
5.979425  0.000569215532
5.995455  0.0005707132736
6.011485  0.0005707095409
6.0275  0.0005707058082
6.043535  0.0005722035498
6.059565  0.0005722007503
6.075595  0.0005736984919
6.09162  0.0005736947592
6.107655  0.0005751925008
6.123695  0.0005751887681
6.139725  0.0005766865097
6.155775  0.0005781842513
6.171825  0.0005796829261
6.18786  0.0005796791934
6.203895  0.000581176935
6.219945  0.0005826746766
6.235995  0.0005841724183
6.252045  0.0005856701599
6.268095  0.0005871679015
6.27614  0.0005886693758
6.284185  0.0005901671174
6.300235  0.0005916657922
6.316285  0.0005931635338
6.32433  0.0005946650081
6.32437  0.0005961664824
6.332395  0.0005961627497
6.34042  0.000597664224
6.348465  0.0005991619656
6.35651  0.0006006634399
6.364555  0.0006021611815
6.3726  0.0006036626558
6.380645  0.0006051603974
6.38869  0.0006066618717
6.396735  0.0006081596133
6.40478  0.0006096610876
6.412825  0.0006111597624
6.42087  0.0006126612367
6.42891  0.0006141589783
6.436955  0.0006156604526
6.445005  0.0006171581942
6.453045  0.0006186596685
6.46109  0.0006201574101
6.46914  0.0006216588844
6.477185  0.000623156626
6.493235  0.0006246543676
6.50929  0.0006261521092
6.52532  0.0006261493097
6.54135  0.0006276470513
6.557405  0.0006291447929
6.57344  0.0006291410602
6.589475  0.0006306388019
6.605525  0.0006321365435
6.621555  0.0006321328108
6.637565  0.0006321290781
6.65358  0.0006321262786
6.669615  0.0006336240202
6.68564  0.0006336202875
6.70167  0.0006351180291
6.7177  0.0006351133632
6.733715  0.0006351105637
6.749755  0.0006366083053
6.765785  0.0006366055058
6.78181  0.0006381032474
6.797845  0.0006380995147
6.813865  0.000638095782
6.829875  0.0006380920493
6.845905  0.000639589791
6.86194  0.0006395860583
6.87795  0.0006395832588
6.89396  0.0006395795261
6.909975  0.0006395757934
6.92599  0.0006395720607
6.942005  0.000639568328
6.95801  0.0006395645953
6.97402  0.0006395608626
6.99004  0.0006395571299
7.006055  0.0006395543304
7.022065  0.0006395505977
7.03808  0.000639546865
7.054095  0.0006395431323
7.070105  0.0006395393997
7.086115  0.000639535667
7.10213  0.0006395319343
7.118145  0.0006395291348
7.134155  0.0006395254021
7.150165  0.0006395216694
7.16616  0.0006380164624
7.182155  0.0006380127297
7.198165  0.000638008997
7.214175  0.0006380043311
7.23017  0.0006365009905
7.246165  0.0006364972578
7.26216  0.0006349920508
7.278155  0.0006349883181
7.294145  0.0006334831112
7.31014  0.0006334793785
7.326135  0.0006319741715
7.342105  0.0006304689645
7.35011  0.0006319695056
7.35812  0.000630466165
7.374115  0.0006304624323
7.390105  0.0006289572253
7.40608  0.0006274520183
7.422055  0.0006259468113
7.43805  0.0006259430786
7.454045  0.0006244378716
7.470015  0.0006229335978
7.48601  0.0006229298651
7.502005  0.0006214246581
7.517975  0.0006199194512
7.533945  0.000618413311
7.54992  0.000616908104
7.5659  0.0006154038302
7.581875  0.0006138986232
7.597845  0.0006123943494
7.61382  0.0006108891424
7.629795  0.0006093839354
7.64577  0.0006078787284
7.6617  0.0006033705728
7.669665  0.0006048720471
7.66971  0.0006063735214
7.67766  0.0006003638916
7.68561  0.0006018653659
7.68565  0.0006033668402
7.693615  0.0005988586846
7.70953  0.0005958529365
7.71752  0.0005973544108
7.725505  0.0005943477295
7.74144  0.0005913410482
7.74943  0.0005928425225
7.757415  0.0005898358412
7.77335  0.0005868291599
7.78134  0.0005883306342
7.789305  0.0005838224786
7.79727  0.0005853239529
7.80524  0.0005808157973
7.81321  0.0005823172716
7.821175  0.0005778091161
7.82914  0.0005793105904
7.83711  0.0005748033679
7.84508  0.0005763048422
7.853045  0.0005717966867
7.86101  0.000573298161
7.86896  0.0005672885311
7.87691  0.0005687900054
7.87695  0.0005702914797
7.8849  0.0005642818498
7.89285  0.0005657833241
7.900815  0.0005612751685
7.90878  0.0005627766428
7.91673  0.0005567670129
7.92468  0.0005582684872
7.92472  0.0005597699615
7.932665  0.0005537603316
7.94061  0.0005552618059
7.94856  0.0005492531092
7.956505  0.0005507536503
7.956545  0.0005522560578
7.9645  0.0005462464279
7.97245  0.0005477479022
7.980415  0.0005432388135
7.98838  0.000544741221
7.99633  0.0005387315911
8.00428  0.0005402330654
8.00432  0.0005417345397
8.012265  0.0005357249098
8.02021  0.0005372263841
8.02818  0.0005327182285
8.03615  0.0005342197028
8.04412  0.0005297115472
8.052085  0.0005312130215
8.06005  0.0005267048659
8.06802  0.0005282063402
8.07595  0.0005206961692
8.08388  0.0005221976435
8.08392  0.0005236981846
8.083955  0.0005252005921
8.091805  0.0005116835907
8.09966  0.000513185065
8.0997  0.0005146865393
8.09974  0.0005161880136
8.099775  0.0005176885548
8.09981  0.0005191909622
8.107625  0.0005026710123
8.11544  0.0005041724866
8.11548  0.0005056739609
8.11552  0.0005071754352
8.115555  0.0005086769095
8.11559  0.0005101783837
8.123405  0.0004936575006
8.13122  0.0004951599081
8.13126  0.0004966613824
8.1313  0.0004981628567
8.13134  0.000499664331
8.131375  0.0005011658053
8.139205  0.0004861473296
8.14704  0.0004876488039
8.14708  0.0004891502782
8.14712  0.0004906517525
8.14716  0.0004921532268
8.15497  0.0004756332768
8.16278  0.0004771347511
8.16282  0.0004786362254
8.16286  0.0004801376997
8.1629  0.000481639174
8.16294  0.0004831406483
8.162975  0.0004846421226
8.170805  0.0004696236469
8.17864  0.0004711251212
8.17868  0.0004726265955
8.17872  0.0004741280698
8.18653  0.0004576071867
8.19434  0.0004591095942
8.19438  0.0004606110685
8.19442  0.0004621125428
8.19446  0.0004636140171
8.1945  0.0004651154914
8.19454  0.0004666169657
8.194575  0.00046811844
8.202385  0.0004515994232
8.2102  0.0004531008975
8.21024  0.0004546023718
8.21028  0.0004561038461
8.21813  0.0004425868447
8.22598  0.000444088319
8.22602  0.0004455897933
8.22606  0.0004470912676
8.226095  0.0004485927419
8.226135  0.0004500942162
8.233935  0.0004320727919
8.241725  0.0004335742662
8.241755  0.0004350748073
8.241795  0.0004365772148
8.24184  0.0004380786891
8.24188  0.0004395801634
8.24192  0.0004410816377
8.249715  0.0004230602134
8.25751  0.0004245616877
8.257545  0.000426063162
8.25758  0.0004275646363
8.257615  0.0004290651774
8.257655  0.0004305675849
8.265475  0.0004140476349
8.27329  0.0004155491092
8.273325  0.0004170505835
8.27336  0.0004185520578
8.2734  0.0004200535321
8.27344  0.0004215550064
8.281255  0.0004050341233
8.28907  0.0004065365308
8.28911  0.0004080380051
8.28914  0.0004095394794
8.289175  0.0004110409537
8.28922  0.000412542428
8.297035  0.000396022478
8.30485  0.0003975239523
8.30489  0.0003990244934
8.30493  0.0004005269009
8.304965  0.0004020283752
8.305  0.0004035298495
8.312815  0.0003870108327
8.32063  0.0003885113738
8.32067  0.0003900137813
8.32071  0.0003915152556
8.320745  0.0003930167299
8.32078  0.0003945182042
8.328595  0.0003779982542
8.33641  0.0003794997285
8.33645  0.0003810012028
8.33649  0.0003825026771
8.33653  0.0003840041514
8.336565  0.0003855056257
8.344395  0.00037048715
8.35223  0.0003719886243
8.35227  0.0003734900986
8.35231  0.0003749915729
8.352345  0.0003764930472
8.360155  0.0003599730972
8.36797  0.0003614745715
8.36801  0.0003629760458
8.36805  0.0003644775201
8.36809  0.0003659789944
8.36813  0.0003674804687
8.368165  0.000368981943
8.375975  0.0003524610599
8.38379  0.0003539634674
8.38383  0.0003554649417
8.38387  0.000356966416
8.383905  0.0003584678903
8.391735  0.0003434494146
8.39957  0.0003449508889
8.39961  0.00034645143
8.39965  0.0003479538375
8.39969  0.0003494553118
8.39973  0.0003509567861
8.40756  0.0003359383104
8.41539  0.0003374397847
8.415425  0.000338941259
8.415465  0.0003404418001
8.41551  0.0003419442076
8.42338  0.0003299286805
8.43125  0.0003314301548
8.43129  0.0003329316291
8.43133  0.0003344321702
8.43922  0.0003239190506
8.44711  0.0003254214581
8.44715  0.0003269229324
8.447185  0.0003284244067
8.455095  0.0003194118282
8.463005  0.0003209133025
8.46304  0.0003224147768
8.47097  0.0003149036726
8.4789  0.0003164042138
8.47894  0.0003179066212
8.48685  0.0003088940428
8.49476  0.0003103945839
8.4948  0.0003118969914
8.49484  0.0003133984657
8.50273  0.0003028844129
8.51062  0.0003043858872
8.51066  0.0003058873615
8.510695  0.0003073888358
8.518585  0.000296874783
8.52648  0.0002983762573
8.526515  0.0002998777316
8.52655  0.0003013792059
8.53444  0.0002908651531
8.542325  0.0002923666274
8.542365  0.0002938681017
8.54241  0.000295369576
8.5503  0.0002848555232
8.558185  0.0002863569975
8.558225  0.0002878584718
8.55827  0.0002893599461
8.566175  0.0002803483008
8.574085  0.0002818497751
8.57413  0.0002833512494
8.58202  0.0002728371966
8.589905  0.0002743377378
8.589945  0.0002758401452
8.58998  0.0002773416195
8.590015  0.0002788421607
8.597895  0.0002668275668
8.60577  0.0002683281079
8.605805  0.0002698305154
8.605835  0.0002713319897
8.613745  0.0002623194112
8.62166  0.0002638208855
8.6217  0.0002653223598
8.62961  0.0002563097813
8.63752  0.0002578112556
8.63756  0.0002593127299
8.6376  0.000260813271
8.64549  0.0002503001514
8.65338  0.0002518016257
8.65342  0.0002533031
8.65346  0.0002548036411
8.66135  0.0002442905215
8.66924  0.0002457919958
8.66928  0.0002472934701
8.669315  0.0002487949444
8.677225  0.0002397832991
8.685135  0.0002412847734
8.68517  0.0002427853145
8.6931  0.0002352751435
8.70103  0.0002367756847
8.70107  0.0002382780921
8.70902  0.0002322684623
8.71697  0.0002337699366
8.724955  0.0002307632553
8.74091  0.0002292580483
8.756885  0.0002277528413
8.772855  0.0002262476343
8.788825  0.0002247424273
8.8048  0.0002232381535
8.82078  0.0002217329465
8.836775  0.0002217292138
8.852765  0.0002202240068
8.86874  0.0002187187998
8.88473  0.0002187150672
8.90072  0.0002172098602
8.9167  0.0002157046532
8.92471  0.0002172070607
8.932715  0.0002157018537
8.948705  0.000215698121
8.964715  0.0002156943883
8.98071  0.0002141891813
8.996705  0.0002141854486
9.0127  0.0002126802416
9.028695  0.0002126765089
9.044705  0.0002126737094
9.0607  0.0002111685024
9.076695  0.0002111647697
9.092705  0.0002111610371
9.1087  0.0002096558301
9.124695  0.0002096511642
9.140705  0.0002096483647
9.156695  0.0002081440909
9.17269  0.000208139425
9.188705  0.0002081366255
9.204715  0.0002081328928
9.22073  0.0002081291601
9.236745  0.0002081254274
9.252735  0.0002066202204
9.26873  0.0002066164877
9.284745  0.0002066136882
9.300755  0.0002066099555
9.316765  0.0002066062228
9.33278  0.0002066024902
9.348795  0.0002065987575
9.3648  0.0002065950248
9.38081  0.0002065912921
9.39683  0.0002065884926
9.412845  0.0002065847599
9.428855  0.0002065810272
9.44487  0.0002065772945
9.460905  0.0002080750361
9.476955  0.0002095727777
9.493005  0.0002110705193
9.509055  0.0002125691941
9.5251  0.0002140669357
9.54115  0.0002155646773
9.55719  0.0002155609446
9.573225  0.0002170586863
9.589275  0.0002185564279
9.605325  0.0002200541695
9.621355  0.0002200504368
9.637385  0.0002215491116
9.65342  0.0002215453789
9.669435  0.0002215416462
9.685445  0.0002215369803
9.70146  0.0002215341808
9.717475  0.0002215304481
9.733485  0.0002215267154
9.74949  0.0002215239159
9.765505  0.0002215201832
9.781505  0.0002200149762
9.797475  0.0002185097692
9.81345  0.0002170045623
9.829425  0.0002154993553
9.84538  0.000212492674
9.85337  0.0002139941483
9.861355  0.0002109884002
9.87731  0.0002094831932
9.893265  0.0002064765119
9.90125  0.0002079779862
9.909235  0.0002049713049
9.92513  0.0001989607419
9.93308  0.0002004631493
9.933115  0.0002019646236
9.933155  0.0002034660979
9.941085  0.0001959549937
9.949015  0.000197456468
9.95698  0.0001929483125
9.964945  0.0001944497868
9.97294  0.0001914431055
9.988875  0.0001884373574
9.99686  0.0001899388317
10.00481  0.0001839292018
10.01276  0.0001854297429
10.0128  0.0001869321504
10.02075  0.0001809225205
10.028695  0.0001824239948
10.03666  0.000177914906
10.04463  0.0001794173135
10.05258  0.0001734076836
10.06053  0.0001749091579
10.06057  0.0001764106322
10.068515  0.0001704000692
10.07646  0.0001719024766
10.08441  0.0001658928467
10.09236  0.000167394321
10.0924  0.0001688957953
10.10033  0.0001613856243
10.10826  0.0001628870986
10.108295  0.0001643885729
10.11624  0.000158378943
10.12419  0.0001598804173
10.132115  0.0001523693132
10.140045  0.0001538707875
10.14009  0.0001553722618
10.14013  0.0001568737361
10.14804  0.0001478611576
10.15595  0.0001493626319
10.155985  0.0001508641062
10.16391  0.000143353002
10.17184  0.0001448544763
10.17188  0.0001463559506
10.17981  0.0001388448464
10.18774  0.0001403463207
10.18778  0.000141847795
10.19571  0.0001343366908
10.20364  0.0001358381651
10.20368  0.0001373396394
10.211605  0.0001298285352
10.21953  0.0001313300095
10.21957  0.0001328314838
10.22748  0.0001238198385
10.23539  0.0001253213128
10.23543  0.000126821854
10.23547  0.0001283242614
10.243375  0.000119311683
10.251285  0.0001208131572
10.25133  0.0001223146315
10.25926  0.0001148035274
10.26718  0.0001163050017
10.267215  0.000117806476
10.27517  0.0001117968461
10.28312  0.0001132983204
10.29107  0.0001072886905
10.29902  0.0001087901648
10.29906  0.0001102916391
10.30699  0.0001027805349
10.314915  0.0001042820092
10.31495  0.0001057825503
10.32288  9.827237933e-05
10.33081  9.977385363e-05
10.33085  0.0001012753279
10.3388  9.526569804e-05
10.34675  9.676717234e-05
10.354695  9.075847563e-05
10.36264  9.225994993e-05
10.36268  9.376142423e-05
10.37063  8.775179435e-05
10.37858  8.925326864e-05
10.38653  8.324363876e-05
10.39448  8.474511306e-05
10.394515  8.624658736e-05
10.40246  8.023695748e-05
10.41041  8.173843177e-05
10.41836  7.572880189e-05
10.42631  7.723027619e-05
10.42635  7.873175049e-05
10.434295  7.272212061e-05
10.44224  7.422359491e-05
10.45019  6.821396502e-05
10.45814  6.971543932e-05
10.45818  7.121691362e-05
10.466105  6.370674261e-05
10.474035  6.520821691e-05
10.474075  6.670969121e-05
10.482015  6.069912815e-05
10.489965  6.220153562e-05
10.49792  5.619190574e-05
10.50587  5.769338004e-05
10.50591  5.919485434e-05
10.51384  5.168375016e-05
10.52177  5.318522446e-05
10.521805  5.468669875e-05
10.52975  4.867706887e-05
10.5377  5.017854317e-05
10.54565  4.416891329e-05
10.5536  4.567038759e-05
10.55364  4.717186188e-05
10.56157  3.965982453e-05
10.569495  4.1162232e-05
10.56953  4.26637063e-05
10.57748  3.665407642e-05
10.58543  3.815555072e-05
10.59338  3.214685401e-05
10.60133  3.364832831e-05
10.601365  3.51498026e-05
10.60931  2.914017272e-05
10.61726  3.064164702e-05
10.62521  2.463201714e-05
10.633155  2.613349144e-05
10.633195  2.763496573e-05
10.641125  2.012386155e-05
10.649055  2.162533585e-05
10.64909  2.312681015e-05
10.65703  1.711718027e-05
10.664985  1.861865457e-05
10.67292  1.110755039e-05
10.68085  1.260902468e-05
10.68089  1.411049898e-05
10.68093  1.561197328e-05
10.68886  8.1008691e-06
10.696785  9.602343399e-06
