0.0008695565  3.453390886e-05
0.0009082035  3.603538316e-05
0.0009468505  3.753685745e-05
0.000985497  3.903833175e-05
0.001024145  4.053887288e-05
0.00106279  4.204128035e-05
0.001101435  4.354275465e-05
0.001140085  4.504422895e-05
0.001178735  4.654570324e-05
0.00121738  4.804717754e-05
0.001256025  4.954865184e-05
0.001294675  5.105012614e-05
0.00133332  5.255160044e-05
0.001371965  5.405307473e-05
0.001410615  5.555454903e-05
0.00144926  5.705509016e-05
0.001487905  5.855749763e-05
0.001526555  6.005897193e-05
0.0015652  6.155951305e-05
0.001603845  6.306192052e-05
0.001642495  6.456339482e-05
0.001681145  6.606486912e-05
0.00171979  6.756634342e-05
0.001758435  6.906781772e-05
0.001797085  7.056929201e-05
0.00183573  7.207076631e-05
0.001874375  7.357224061e-05
0.001913025  7.507371491e-05
0.00195167  7.657518921e-05
0.001990315  7.807573033e-05
0.002028965  7.95781378e-05
0.002067615  8.10796121e-05
0.00210626  8.25810864e-05
0.002144905  8.40825607e-05
0.002183555  8.5584035e-05
0.0022222  8.708550929e-05
0.01026576  8.858231773e-05
0.01831  9.00847252e-05
0.01835  9.15861995e-05
0.01839  9.308674063e-05
0.01843  9.45891481e-05
0.01847  9.609062239e-05
0.018505  9.759209669e-05
0.01854  9.909357099e-05
0.01858  0.0001005950453
0.01862  0.0001020965196
0.01866  0.0001035979939
0.0187  0.0001050994682
0.018735  0.0001066009425
0.018775  0.0001081024168
0.018815  0.0001096038911
0.01885  0.0001111053654
0.01889  0.0001126068397
0.01893  0.0001141073808
0.01897  0.0001156097883
0.01901  0.0001171112626
0.01905  0.0001186127369
0.019085  0.0001201142112
0.01912  0.0001216156855
0.01916  0.0001231171598
0.0192  0.0001246186341
0.01924  0.0001261201084
0.01928  0.0001276215827
0.01932  0.000129123057
0.027365  0.0001306207986
0.03541  0.0001321222729
0.03545  0.0001336237472
0.035485  0.0001351252215
0.03552  0.0001366266958
0.03556  0.0001381281701
0.0356  0.0001396296444
0.03564  0.0001411301855
0.03568  0.0001426325929
0.03572  0.0001441340672
0.035755  0.0001456346084
0.03579  0.0001471370158
0.03583  0.0001486384901
0.03587  0.0001501399644
0.03591  0.0001516414387
0.03595  0.000153142913
0.03599  0.0001546443873
0.036025  0.0001561458616
0.03606  0.0001576473359
0.0361  0.0001591488102
0.03614  0.0001606502845
0.03618  0.0001621508257
0.03622  0.0001636532331
0.03626  0.0001651547074
0.0363  0.0001666552485
0.036335  0.000168157656
0.03637  0.0001696591303
0.03641  0.0001711606046
0.03645  0.0001726620789
0.03649  0.0001741635532
0.03653  0.0001756650275
0.03657  0.0001771665018
0.036605  0.0001786679761
0.03664  0.0001801694504
0.03668  0.0001816709247
0.03672  0.0001831714658
0.03676  0.0001846738733
0.0368  0.0001861753476
0.03684  0.0001876768219
0.036875  0.0001891782962
0.03691  0.0001906797705
0.044955  0.0001921784453
0.053  0.0001936799196
0.05304  0.0001951813939
0.05308  0.0001966828682
0.05312  0.0001981843425
0.05316  0.0001996858168
0.0532  0.0002011872911
0.05324  0.0002026887654
0.053275  0.0002041902397
0.05331  0.000205691714
0.05335  0.0002071931883
0.05339  0.0002086946626
0.05343  0.0002101952037
0.05347  0.0002116976111
0.05351  0.0002131990854
0.053545  0.0002147005597
0.05358  0.000216202034
0.05362  0.0002177035083
0.05366  0.0002192049826
0.0537  0.0002207064569
0.05374  0.0002222079312
0.05378  0.0002237094055
0.05382  0.0002252108798
0.053855  0.000226711421
0.05389  0.0002282138284
0.05393  0.0002297153027
0.05397  0.000231216777
0.05401  0.0002327182513
0.05405  0.0002342197256
0.05409  0.0002357211999
0.054125  0.0002372226742
0.05416  0.0002387241485
0.0542  0.0002402256228
0.062245  0.0002417224312
0.07029  0.0002432248387
0.07033  0.000244726313
0.07037  0.0002462277873
0.07041  0.0002477292616
0.07045  0.0002492307359
0.070485  0.0002507322102
0.07052  0.0002522336845
0.07056  0.0002537351588
0.0706  0.0002552366331
0.07064  0.0002567381074
0.07068  0.0002582386485
0.07072  0.000259741056
0.07076  0.0002612425303
0.070795  0.0002627430714
0.07083  0.0002642454789
0.07087  0.0002657469532
0.07091  0.0002672484275
0.07095  0.0002687499018
0.07099  0.0002702513761
0.07103  0.0002717528504
0.071065  0.0002732543247
0.0711  0.000274755799
0.079145  0.0002762535406
0.08719  0.0002777540817
0.08723  0.0002792564892
0.08727  0.0002807579635
0.08731  0.0002822594378
0.08735  0.0002837609121
0.08739  0.0002852623864
0.08743  0.0002867638607
0.087465  0.000288265335
0.0875  0.0002897668093
0.08754  0.0002912682836
0.095585  0.000292765092
0.10363  0.0002942674995
0.10367  0.0002957689738
0.10371  0.0002972704481
0.10375  0.0002987719224
0.10379  0.0003002733967
0.103825  0.000301774871
0.10386  0.0003032763453
0.1039  0.0003047778196
0.10394  0.0003062792939
0.10398  0.0003077807682
0.10402  0.0003092813093
0.10406  0.0003107837168
0.112105  0.0003122814584
0.120145  0.0003137829327
0.12018  0.000315284407
0.12022  0.0003167858813
0.12026  0.0003182873556
0.1203  0.0003197888299
0.12034  0.0003212903042
0.12038  0.0003227917785
0.12042  0.0003242923196
0.128465  0.0003257909944
0.13651  0.0003272924687
0.13655  0.000328793943
0.136585  0.0003302954173
0.13662  0.0003317968916
0.13666  0.0003332983659
0.1367  0.000334798907
0.13674  0.0003363013144
0.13678  0.0003378027887
0.13682  0.0003393033299
0.136855  0.0003408057373
0.13689  0.0003423072116
0.13693  0.0003438086859
0.13697  0.0003453101602
0.13701  0.0003468116345
0.13705  0.0003483131088
0.13709  0.0003498145831
0.13713  0.0003513160574
0.145175  0.000352813799
0.15322  0.0003543143402
0.153255  0.0003558167476
0.15329  0.0003573182219
0.15333  0.0003588196962
0.15337  0.0003603211705
0.15341  0.0003618226448
0.15345  0.0003633241191
0.15349  0.0003648255934
0.153525  0.0003663270677
0.15356  0.000367828542
0.1536  0.0003693300163
0.15364  0.0003708305574
0.15368  0.0003723329649
0.15372  0.0003738344392
0.16176  0.000375333114
0.169805  0.0003768345883
0.16985  0.0003783360626
0.169885  0.0003798375369
0.16992  0.0003813390112
0.16996  0.0003828404855
0.17  0.0003843419598
0.170035  0.0003858434341
0.170075  0.0003873449084
0.17012  0.0003888463827
0.17016  0.000390347857
0.170195  0.0003918493313
0.17023  0.0003933508056
0.17027  0.0003948522799
0.17031  0.0003963537542
0.17035  0.0003978542953
0.17039  0.0003993567028
0.178435  0.0004008544444
0.18648  0.0004023559187
0.18652  0.000403857393
0.186555  0.0004053588673
0.18659  0.0004068603416
0.18663  0.0004083618159
0.18667  0.0004098632902
0.18671  0.0004113647645
0.18675  0.0004128653056
0.18679  0.0004143677131
0.18683  0.0004158691874
0.186865  0.0004173706617
0.1869  0.000418872136
0.18694  0.0004203736103
0.18698  0.0004218750845
0.195025  0.000423371893
0.20307  0.0004248743005
0.20311  0.0004263757748
0.20315  0.0004278763159
0.20319  0.0004293787234
0.203225  0.0004308801976
0.20326  0.0004323816719
0.2033  0.0004338831462
0.20334  0.0004353846205
0.20338  0.0004368860948
0.20342  0.0004383875691
0.203455  0.0004398890434
0.20349  0.0004413905177
0.20353  0.000442891992
0.20357  0.0004443925332
0.20361  0.0004458949406
0.20365  0.0004473964149
0.20369  0.0004488978892
0.211735  0.0004503956308
0.21978  0.0004518971051
0.21982  0.0004533985794
0.21986  0.0004549000537
0.219895  0.000456401528
0.21993  0.0004579030023
0.21997  0.0004594035435
0.22001  0.0004609059509
0.22005  0.0004624074252
0.22009  0.0004639088995
0.22013  0.0004654103738
0.220165  0.0004669118481
0.2202  0.0004684133224
0.22024  0.0004699147967
0.228285  0.0004714125383
0.23633  0.0004729140126
0.23637  0.0004744154869
0.23641  0.0004759169612
0.23645  0.0004774184355
0.23649  0.0004789199098
0.23653  0.0004804213841
0.236565  0.0004819228584
0.2366  0.0004834243327
0.23664  0.000484925807
0.23668  0.0004864272813
0.23672  0.0004879287556
0.23676  0.0004894302299
0.2368  0.0004909317042
0.236835  0.0004924331785
0.23687  0.0004939346528
0.23691  0.0004954351939
0.23695  0.0004969376014
0.244995  0.000498435343
0.25304  0.0004999368173
0.253075  0.0005014382916
0.253115  0.0005029397659
0.25316  0.0005044412402
0.253195  0.0005059427145
0.25323  0.0005074441888
0.25327  0.0005089456631
0.25331  0.0005104462042
0.253345  0.0005119486117
0.253385  0.000513450086
0.25343  0.0005149515603
0.261475  0.0005164493019
0.26952  0.0005179517094
0.26956  0.0005194531837
0.269595  0.000520954658
0.26963  0.0005224561323
0.26967  0.0005239576066
0.26971  0.0005254590808
0.26975  0.0005269605551
0.26979  0.0005284620294
0.26983  0.0005299635037
0.269865  0.000531464978
0.27791  0.0005329627197
0.285955  0.0005344641939
0.28599  0.0005359656682
0.28603  0.0005374671425
0.28607  0.0005389686168
0.28611  0.0005404700911
0.28615  0.0005419715654
0.28619  0.0005434730397
0.28623  0.000544974514
0.286265  0.0005464759883
0.2863  0.0005479765295
0.28634  0.0005494789369
0.28638  0.0005509804112
0.28642  0.0005524818855
0.28646  0.0005539833598
0.286495  0.0005554848341
0.29454  0.0005569825757
0.30259  0.00055848405
0.302625  0.0005599855243
0.30266  0.0005614869986
0.302695  0.0005629884729
0.302735  0.0005644899472
0.30278  0.0005659914215
0.310825  0.0005674891631
0.31887  0.0005689906374
0.31891  0.0005704921117
0.31895  0.000571993586
0.318985  0.0005734950603
0.31902  0.0005749965346
0.31906  0.0005764980089
0.3191  0.0005779994832
0.31914  0.0005795009575
0.31918  0.0005810024318
0.327225  0.0005825001734
0.33527  0.0005840016477
0.33531  0.000585503122
0.33535  0.0005870045963
0.335385  0.0005885060706
0.33542  0.0005900075449
0.33546  0.0005915090192
0.3355  0.0005930095603
0.33554  0.0005945119678
0.33558  0.0005960134421
0.33562  0.0005975149164
0.343665  0.000599012658
0.351705  0.0006005141323
0.35174  0.0006020156066
0.35178  0.0006035170809
0.35182  0.0006050185552
0.35186  0.0006065200295
0.3519  0.0006080205706
0.35194  0.0006095229781
0.359985  0.0006110207197
0.36803  0.000612522194
0.36807  0.0006140236683
0.36811  0.0006155251426
0.368145  0.0006170266169
0.36818  0.000618527158
0.36822  0.0006200295655
0.36826  0.0006215310398
0.376305  0.0006230297146
0.38435  0.0006245302557
0.38439  0.0006260326632
0.38443  0.0006275341375
0.38447  0.0006290346786
0.392515  0.0006305333534
0.40056  0.0006320348277
0.400595  0.000633536302
0.40063  0.0006350377763
0.40067  0.0006365392506
0.40071  0.0006380407249
0.40075  0.000639541266
0.400785  0.0006410436735
0.40883  0.0006425414151
0.41688  0.0006440428894
0.416915  0.0006455443637
0.41695  0.000647045838
0.416985  0.0006485473123
0.417025  0.0006500487866
0.425075  0.0006515465282
0.43312  0.0006530470693
0.43316  0.0006545494768
0.4332  0.0006560509511
0.441245  0.0006575486927
0.44929  0.000659050167
0.44933  0.0006605516413
0.44937  0.0006620531156
0.44941  0.0006635545899
0.449445  0.0006650560642
0.44948  0.0006665575385
0.457525  0.0006680552801
0.46557  0.0006695567544
0.46561  0.0006710582287
0.47365  0.0006725559703
0.481695  0.0006740574446
0.48174  0.0006755589189
0.48178  0.00067705946
0.48182  0.0006785618675
0.481855  0.0006800633418
0.4899  0.0006815620166
0.49795  0.0006830625577
0.497985  0.0006845649651
0.49802  0.0006860664394
0.506065  0.0006875641811
0.51411  0.0006890656554
0.51415  0.0006905671297
0.514185  0.000692068604
0.52223  0.0006935663456
0.53028  0.0006950678199
0.538325  0.0006965655615
0.54637  0.0006980670358
0.54641  0.0006995685101
0.54645  0.0007010699844
0.54649  0.0007025714587
0.554535  0.0007040692003
0.57058  0.0007055669419
0.578625  0.0007070684162
0.586675  0.0007085661578
0.59472  0.0007100676321
0.602765  0.0007115663069
0.618815  0.0007130640485
0.634865  0.0007145617901
0.650895  0.0007145580574
0.66693  0.000716055799
0.682985  0.0007175535406
0.699015  0.0007175498079
0.715025  0.0007175460752
0.73102  0.0007160418014
0.747015  0.0007160380687
0.763025  0.000716034336
0.77904  0.0007160306033
0.795035  0.0007145253964
0.811025  0.0007145207305
0.82702  0.0007130164567
0.84299  0.0007115121829
0.85896  0.0007100069759
0.87496  0.0007100032432
0.890955  0.0007084980362
0.906925  0.0007069928292
0.9229  0.0007054876222
0.938855  0.0007024809409
0.94684  0.0007039814821
0.95483  0.0007009766671
0.970785  0.0006994714601
0.98674  0.0006964647789
0.99473  0.0006979662532
1.002675  0.0006919566233
1.01062  0.0006934580976
1.01066  0.0006949595719
1.01863  0.0006904514163
1.034545  0.000687444735
1.04253  0.0006889462093
1.05052  0.000685939528
1.066455  0.0006829328467
1.07444  0.000684434321
1.08241  0.0006799270986
1.09038  0.0006814285729
1.098365  0.0006784218916
1.1143  0.0006754152103
1.12229  0.0006769166846
1.13025  0.0006724085291
1.138215  0.0006739100033
1.14621  0.0006709033221
1.162145  0.0006678966408
1.17013  0.0006693981151
1.17812  0.0006663914338
1.194055  0.0006633856857
1.20204  0.00066488716
1.21001  0.0006603790044
1.21798  0.0006618804787
1.225965  0.0006588737974
1.2419  0.0006558671161
1.24989  0.0006573685904
1.257855  0.0006528604348
1.26582  0.0006543619091
1.27379  0.0006498528204
1.28176  0.0006513552278
1.289725  0.0006468470723
1.29769  0.0006483485466
1.30568  0.0006453418653
1.321615  0.0006423361172
1.3296  0.0006438366583
1.33757  0.0006393294359
1.345535  0.0006408309102
1.353515  0.0006378242289
1.369455  0.0006348175476
1.37745  0.0006363190219
1.385435  0.0006333123406
1.40137  0.0006303056593
1.40936  0.0006318071336
1.417345  0.0006288004523
1.43328  0.0006257947042
1.44127  0.0006272952454
1.449255  0.0006242894972
1.46521  0.0006227842903
1.481165  0.000619777609
1.48915  0.0006212790833
1.49714  0.000618272402
1.513075  0.0006152657207
1.52106  0.000616767195
1.529045  0.0006137605137
1.544995  0.0006122553067
1.560945  0.0006092495586
1.568935  0.0006107510329
1.57693  0.0006077443516
1.592865  0.0006047376703
1.60085  0.0006062391446
1.60884  0.0006032324633
1.624795  0.0006017263232
1.64075  0.0005987205751
1.64874  0.0006002211162
1.656725  0.0005972153681
1.67268  0.0005957110943
1.688655  0.0005942049541
1.704645  0.0005942021546
1.720635  0.0005926969476
1.73661  0.0005911917406
1.74462  0.0005926932149
1.752625  0.0005911880079
1.76862  0.0005911842752
1.784635  0.0005911805425
1.800645  0.000591177743
1.816655  0.0005911740103
1.832665  0.0005911702777
1.84868  0.000591166545
1.864695  0.0005911628123
1.880705  0.0005911590796
1.89672  0.0005911553469
1.912735  0.0005911525474
1.928745  0.0005911488147
1.94476  0.000591145082
1.960775  0.0005911413493
1.976785  0.0005911376166
1.992795  0.0005911338839
2.00881  0.0005911301512
2.024825  0.0005911264186
2.040835  0.000591123619
2.056865  0.0005926213606
2.0729  0.000592617628
2.088935  0.0005941153696
2.104965  0.0005941116369
2.120995  0.0005956093785
2.137045  0.0005971071201
2.15308  0.0005971043206
2.169115  0.0005986020622
2.185165  0.0006000998038
2.201215  0.0006015975454
2.217265  0.000603095287
2.22531  0.0006045967613
2.233355  0.0006060945029
2.249405  0.0006075922445
2.25745  0.0006090937188
2.265495  0.0006105923936
2.27354  0.0006120938679
2.27358  0.0006135953422
2.273615  0.0006150968165
2.273655  0.0006165982908
2.2737  0.0006180997651
2.273735  0.0006196012394
2.27377  0.0006211017805
2.28181  0.0006226004553
2.289855  0.0006241019296
2.2899  0.0006256034039
2.28994  0.0006271048782
2.28998  0.0006286063525
2.29002  0.0006301078268
2.29006  0.0006316093011
2.29009  0.0006331107754
2.290125  0.0006346122497
2.298175  0.0006361099913
2.30622  0.0006376114656
2.30626  0.0006391129399
2.3063  0.0006406144142
2.30634  0.0006421158885
2.30638  0.0006436173628
2.30642  0.0006451188371
2.30646  0.0006466203114
2.314505  0.000648118053
2.32255  0.0006496185941
2.322585  0.0006511210016
2.32262  0.0006526224759
2.32266  0.0006541239502
2.3227  0.0006556254245
2.32274  0.0006571268988
2.330785  0.0006586246404
2.338825  0.0006601261147
2.338865  0.000661627589
2.33891  0.0006631290633
2.338945  0.0006646305376
2.33898  0.0006661320119
2.34702  0.0006676297535
2.355065  0.0006691312278
2.35511  0.0006706327021
2.35515  0.0006721341764
2.35519  0.0006736356507
2.35523  0.000675137125
2.35527  0.0006766385993
2.363315  0.0006781363409
2.37136  0.0006796378152
2.3714  0.0006811392895
2.371435  0.0006826407638
2.37147  0.0006841422381
2.37151  0.0006856437124
2.379555  0.0006871423872
2.3876  0.0006886438615
2.38764  0.0006901453358
2.38768  0.0006916468101
2.38772  0.0006931482844
2.38776  0.0006946497586
2.395805  0.0006961475003
2.40385  0.0006976489746
2.403885  0.0006991504489
2.40392  0.0007006519232
2.40396  0.0007021533974
2.412005  0.0007036511391
2.42005  0.0007051516802
2.42009  0.0007066540877
2.42013  0.000708155562
2.42017  0.0007096561031
2.428215  0.0007111547779
2.43626  0.0007126562522
2.4363  0.0007141577265
2.436335  0.0007156592008
2.43637  0.0007171606751
2.444415  0.0007186574835
2.45246  0.000720159891
2.4525  0.0007216613653
2.45254  0.0007231628396
2.45258  0.0007246643139
2.460625  0.0007261620555
2.46867  0.0007276635298
2.468705  0.0007291650041
2.468745  0.0007306664784
2.46879  0.0007321679527
2.476835  0.0007336656943
2.48488  0.0007351671686
2.484915  0.0007366686429
2.48495  0.0007381701172
2.48499  0.0007396715915
2.49303  0.0007411702662
2.501075  0.0007426717405
2.50112  0.0007441732148
2.50116  0.0007456746891
2.5012  0.0007471761634
2.509245  0.000748673905
2.51729  0.0007501753793
2.51733  0.0007516768536
2.517365  0.0007531783279
2.52541  0.0007546760695
2.53345  0.0007561775438
2.533485  0.0007576790181
2.53353  0.0007591804924
2.53357  0.0007606819667
2.541615  0.0007621787752
2.54966  0.0007636811826
2.5497  0.0007651826569
2.54974  0.0007666841312
2.549775  0.0007681856055
2.55782  0.0007696833471
2.56587  0.0007711848214
2.56591  0.0007726862957
2.565945  0.00077418777
2.565975  0.0007756892443
2.57402  0.0007771869859
2.58207  0.0007786884602
2.58211  0.0007801899345
2.58215  0.0007816914088
2.58219  0.0007831928831
2.590235  0.0007846906247
2.59828  0.0007861911659
2.598315  0.0007876935733
2.598355  0.0007891950476
2.59839  0.0007906965219
2.60643  0.0007921942636
2.61448  0.000793696671
2.614515  0.0007951981453
2.614555  0.0007966996196
2.622605  0.0007981973612
2.630645  0.0007996988355
2.630685  0.0008012003098
2.63073  0.0008027008509
2.63077  0.0008042032584
2.63081  0.0008057047327
2.638855  0.0008072024743
2.6469  0.0008087039486
2.64694  0.0008102054229
2.646975  0.0008117068972
2.64701  0.0008132083715
2.655055  0.0008147061131
2.6631  0.0008162066543
2.66314  0.0008177090617
2.66318  0.000819210536
2.671225  0.0008207082776
2.67927  0.0008222097519
2.67931  0.0008237112262
2.67935  0.0008252127005
2.679385  0.0008267141748
2.67942  0.0008282156491
2.68747  0.0008297133907
2.695515  0.000831214865
2.69555  0.0008327163393
2.695585  0.0008342178136
2.70363  0.0008357155552
2.71168  0.0008372170295
2.71172  0.0008387185038
2.71176  0.0008402199781
2.7118  0.0008417214524
2.719845  0.0008432201272
2.72789  0.0008447216015
2.727925  0.0008462230758
2.72796  0.0008477245501
2.728  0.0008492260244
2.72804  0.0008507274987
2.736085  0.0008522252403
2.744125  0.0008537267146
2.744165  0.0008552281889
2.74421  0.0008567296632
2.74425  0.0008582311375
2.752295  0.0008597279459
2.76034  0.0008612303534
2.76038  0.0008627318277
2.76042  0.000864233302
2.768465  0.0008657310436
2.77651  0.0008672325179
2.776545  0.0008687339922
2.77658  0.0008702354665
2.77662  0.0008717369408
2.784665  0.0008732346824
2.79271  0.0008747361567
2.79275  0.000876237631
2.79279  0.0008777391053
2.79283  0.0008792405796
2.800875  0.0008807383212
2.80892  0.0008822397955
2.80896  0.0008837403366
2.808995  0.0008852427441
2.80903  0.0008867442184
2.809065  0.0008882456927
2.81711  0.0008897434343
2.82516  0.0008912449086
2.825195  0.0008927463829
2.83324  0.0008942441245
2.84129  0.0008957455988
2.84133  0.0008972470731
2.84137  0.0008987485474
2.849415  0.0009002472222
2.85746  0.0009017486965
2.8575  0.0009032501708
2.857535  0.0009047516451
2.86558  0.0009062493867
2.87363  0.000907750861
2.873665  0.0009092523353
2.8737  0.0009107538096
2.881745  0.000912250618
2.88979  0.0009137530255
2.88983  0.0009152544998
2.889865  0.0009167559741
2.89791  0.0009182537157
2.90596  0.00091975519
2.906  0.0009212566643
2.90604  0.0009227572054
2.914085  0.0009242558802
2.92213  0.0009257573545
2.92217  0.0009272588288
2.930215  0.0009287565704
2.93826  0.0009302580447
2.938295  0.0009317585858
2.93833  0.0009332609933
2.946375  0.0009347587349
2.95442  0.0009362602092
2.95446  0.0009377616835
2.962505  0.0009392603583
2.97055  0.0009407618326
2.97059  0.0009422633069
2.978635  0.0009437610485
2.98668  0.0009452625228
2.98672  0.0009467639971
2.994765  0.0009482617387
3.00281  0.000949763213
3.00285  0.0009512646873
3.010895  0.0009527624289
3.01894  0.0009542639032
3.01898  0.0009557653775
3.027025  0.0009572631191
3.03507  0.0009587636602
3.035105  0.0009602660677
3.04315  0.0009617638093
3.051195  0.0009632652836
3.05123  0.0009647667579
3.059275  0.0009662644995
3.06732  0.0009677650407
3.075365  0.0009692646486
3.08341  0.0009707661229
3.091455  0.0009722638645
3.0995  0.0009737653388
3.09954  0.0009752668131
3.107585  0.0009767645547
3.11563  0.000978266029
3.123675  0.0009797637706
3.13172  0.0009812643118
3.139765  0.0009827629865
3.14781  0.0009842644608
3.155855  0.0009857612693
3.1639  0.0009872636767
3.171945  0.0009887614183
3.188  0.00099025916
3.196045  0.0009917615674
3.20409  0.000993259309
3.212135  0.0009947607833
3.22018  0.0009962585249
3.236235  0.0009977553334
3.24428  0.0009992577408
3.252325  0.001000755482
3.268375  0.001002253224
3.27642  0.001003754698
3.284465  0.001005251507
3.300515  0.001006750182
3.316565  0.001008248856
3.32461  0.001009750331
3.33265  0.001011248072
3.3487  0.001012745814
3.364755  0.001014243555
3.380805  0.001015741297
3.39686  0.001017238106
3.41291  0.00101873678
3.42896  0.001020235455
3.445015  0.001021733197
3.461065  0.001023230938
3.477115  0.001024727747
3.493165  0.001026226422
3.50922  0.001027724163
3.52525  0.00102772043
3.54126  0.001027717631
3.54929  0.001029219105
3.557315  0.001029215373
3.57333  0.00102921164
3.58936  0.001030709381
3.60541  0.001032207123
3.62144  0.00103220339
3.63747  0.001033701132
3.653525  0.001035198874
3.66956  0.001035196074
3.685595  0.001036693816
3.701625  0.001036690083
3.717655  0.001038187825
3.733685  0.001038183159
3.74972  0.001039681834
3.765755  0.001039678101
3.78176  0.001039675301
3.79779  0.001041173043
3.81383  0.00104116931
3.829865  0.001042667052
3.84589  0.001042663319
3.8619  0.001042659586
3.87793  0.001044157328
3.893965  0.001044154529
3.909985  0.001044150796
3.926015  0.001045647604
3.942045  0.001045644805
3.95806  0.001045641072
3.97407  0.001045637339
3.99008  0.001045633607
4.006095  0.001045629874
4.02211  0.001045627075
4.038125  0.001045623342
4.054135  0.001045619609
4.070145  0.001045615876
4.08614  0.001044110669
4.102135  0.001044106937
4.11813  0.00104260173
4.134125  0.00104259893
4.150115  0.001041093723
4.166105  0.001041089991
4.1821  0.001039584784
4.198095  0.001039581051
4.21409  0.001038075844
4.230085  0.001038072111
4.246075  0.001036567837
4.26205  0.00103506263
4.278045  0.001035058898
4.294035  0.001033553691
4.31001  0.001032048484
4.326005  0.001032044751
4.341995  0.001030539544
4.35797  0.001029034337
4.373945  0.001027530063
4.38992  0.001026024856
4.405915  0.001026021124
4.4219  0.001024515917
4.437875  0.00102301071
4.453855  0.001021505503
4.46983  0.001020000296
4.485805  0.001018496022
4.501755  0.001015489341
4.50974  0.001016990815
4.51773  0.001013984134
4.533645  0.001009475978
4.54161  0.001010977452
4.541645  0.001012478927
4.549615  0.001007970771
4.55759  0.001009472245
4.56556  0.00100496409
4.573525  0.001006465564
4.58151  0.001003458883
4.597445  0.001000452201
4.60543  0.001001953676
4.613415  0.0009989479276
4.629345  0.0009959412463
4.637335  0.0009974427206
4.64531  0.0009929345651
4.65328  0.0009944360394
4.66125  0.0009899278838
4.669215  0.0009914293581
4.677195  0.0009884226768
4.693115  0.0009839145212
4.70108  0.0009854159955
4.701115  0.0009869174698
4.70907  0.0009809078399
4.71702  0.0009824093142
4.72499  0.0009779020918
4.73296  0.0009794035661
4.740925  0.0009748954105
4.74889  0.0009763968848
4.75684  0.0009703872549
4.76479  0.0009718887292
4.76483  0.0009733902035
4.772775  0.0009673805736
4.78072  0.0009688820479
4.78867  0.0009628724181
4.79662  0.0009643738924
4.79666  0.0009658753667
4.80459  0.0009583642625
4.81252  0.0009598657368
4.81256  0.0009613672111
4.820485  0.0009538561069
4.82841  0.0009553575812
4.82845  0.0009568590555
4.83636  0.000947846477
4.84427  0.0009493479513
4.84431  0.0009508494256
4.84435  0.0009523508999
4.85222  0.000940336306
4.86009  0.0009418377803
4.86013  0.0009433392546
4.86017  0.0009448407289
4.86021  0.0009463422032
4.8681  0.0009358281504
4.87599  0.0009373296247
4.87603  0.000938831099
4.88388  0.0009253131645
4.89173  0.0009268155719
4.891765  0.0009283170462
4.891805  0.0009298185205
4.89185  0.0009313199948
4.891885  0.0009328214691
4.89192  0.0009343229434
4.899735  0.0009178029935
4.90755  0.0009193035346
4.90759  0.0009208059421
4.907625  0.0009223074164
4.907665  0.0009238088907
4.91548  0.0009072889407
4.923285  0.000908790415
4.923325  0.0009102918893
4.92337  0.0009117933636
4.92341  0.0009132939047
4.92345  0.0009147963122
4.923485  0.0009162977865
4.931295  0.0008997778365
4.93911  0.0009012793108
4.939145  0.0009027807851
4.939185  0.0009042822594
4.93923  0.0009057837337
4.947035  0.0008892628506
4.954845  0.000890765258
4.95489  0.0008922667323
4.95493  0.0008937682066
4.95497  0.0008952696809
4.95501  0.0008967711552
4.95505  0.0008982726295
4.962845  0.0008802512053
4.970635  0.0008817526796
4.97067  0.0008832532207
4.97071  0.0008847556281
4.97075  0.0008862571024
4.97079  0.0008877585767
4.978605  0.0008712395599
4.986415  0.0008727410342
4.98645  0.0008742425085
4.98649  0.0008757439828
4.98653  0.0008772454571
4.98657  0.0008787469314
4.994385  0.0008622269815
